0.576801	0.511345	0.661476	11724.000000	17724.000000	3403.000000	6655.000000
0.581479	0.540773	0.628811	9961.000000	15841.000000	4211.000000	7787.000000
0.728097	0.608939	0.905234	20098.000000	22202.000000	8147.000000	13379.000000
0.625147	0.478898	0.899992	11114.000000	12349.000000	3563.000000	7440.000000
0.607734	0.614482	0.601133	15074.000000	25076.000000	3403.000000	5538.000000
0.478861	0.320801	0.943943	7628.000000	8081.000000	1553.000000	4841.000000
0.577632	0.463535	0.766239	6146.000000	8021.000000	1875.000000	4045.000000
0.433843	0.292638	0.838385	7496.000000	8941.000000	2862.000000	9780.000000
0.622377	0.579361	0.672293	8762.000000	13033.000000	2504.000000	4322.000000
0.429200	0.309091	0.701982	6447.000000	9184.000000	2465.000000	7975.000000
0.529947	0.403469	0.771927	8942.000000	11584.000000	3024.000000	7495.000000
0.345283	0.231172	0.681871	5262.000000	7717.000000	1679.000000	7263.000000
0.484648	0.339057	0.849361	9839.000000	11584.000000	2863.000000	8444.000000
0.777650	0.740953	0.818172	14840.000000	18138.000000	5160.000000	6964.000000
0.696053	0.596234	0.836016	14285.000000	17087.000000	3990.000000	6692.000000
0.629238	0.492542	0.870955	13674.000000	15700.000000	3401.000000	6905.000000
0.561856	0.434826	0.793738	12930.000000	16290.000000	3933.000000	9045.000000
0.684124	0.593307	0.807767	17056.000000	21115.000000	6117.000000	10310.000000
0.712928	0.590228	0.900032	11281.000000	12534.000000	4530.000000	7675.000000
0.668176	0.543055	0.868214	10811.000000	12452.000000	4402.000000	8106.000000
0.569080	0.431787	0.834383	6625.000000	7940.000000	3184.000000	7374.000000
0.602767	0.459441	0.876058	8800.000000	10045.000000	4146.000000	9024.000000
0.759527	0.707389	0.819961	13531.000000	16502.000000	5744.000000	8120.000000
0.683390	0.650822	0.719389	14741.000000	20491.000000	5107.000000	7847.000000
0.308368	0.224603	0.491775	3169.000000	6444.000000	1174.000000	5227.000000
0.453301	0.311548	0.831736	4686.000000	5634.000000	1268.000000	4070.000000
0.417537	0.297699	0.698865	7141.000000	10218.000000	1863.000000	6258.000000
0.620521	0.483941	0.864505	7465.000000	8635.000000	3782.000000	7815.000000
0.661362	0.494457	0.998362	3657.000000	3663.000000	1115.000000	2255.000000
0.420268	0.320914	0.608729	5607.000000	9211.000000	2472.000000	7703.000000
0.701455	0.572075	0.906459	13024.000000	14368.000000	4802.000000	8394.000000
0.591844	0.504449	0.715866	10224.000000	14282.000000	3912.000000	7755.000000
0.614543	0.492944	0.815781	12510.000000	15335.000000	4960.000000	10062.000000
0.530913	0.386678	0.846766	12986.000000	15336.000000	3303.000000	8542.000000
0.711552	0.598779	0.876660	16241.000000	18526.000000	6668.000000	11136.000000
0.662151	0.527795	0.888270	16751.000000	18858.000000	6010.000000	11387.000000
0.441817	0.298377	0.850854	8021.000000	9427.000000	2757.000000	9240.000000
0.488014	0.344654	0.835576	10245.000000	12261.000000	4313.000000	12514.000000
0.673887	0.578362	0.807209	17267.000000	21391.000000	6602.000000	11415.000000
0.158324	0.088736	0.733740	3971.000000	5412.000000	1069.000000	12047.000000
0.661462	0.518592	0.912987	15340.000000	16802.000000	4198.000000	8095.000000
0.665689	0.564354	0.811378	12750.000000	15714.000000	4661.000000	8259.000000
0.753068	0.688073	0.831623	17341.000000	20852.000000	7286.000000	10589.000000
0.651002	0.559005	0.779244	13170.000000	16901.000000	3529.000000	6313.000000
0.741605	0.654799	0.854943	14157.000000	16559.000000	4414.000000	6741.000000
0.595657	0.439101	0.925706	13868.000000	14981.000000	5195.000000	11831.000000
0.426406	0.303823	0.714804	9266.000000	12963.000000	3552.000000	11691.000000
0.626248	0.541880	0.741730	16301.000000	21977.000000	5706.000000	10530.000000
0.536994	0.392327	0.850672	9935.000000	11679.000000	2986.000000	7611.000000
0.555781	0.458349	0.705818	7704.000000	10915.000000	3637.000000	7935.000000
0.682597	0.570364	0.849820	7328.000000	8623.000000	2067.000000	3624.000000
0.782268	0.680948	0.919009	17100.000000	18607.000000	3735.000000	5485.000000
0.658675	0.515347	0.912442	12078.000000	13237.000000	3593.000000	6972.000000
0.332598	0.210976	0.785304	5878.000000	7485.000000	2245.000000	10641.000000
0.760644	0.712368	0.815939	15245.000000	18684.000000	5253.000000	7374.000000
0.371143	0.260651	0.644243	17995.000000	27932.000000	3267.000000	12534.000000
0.628101	0.516761	0.800595	13988.000000	17472.000000	5226.000000	10113.000000
0.747153	0.691927	0.811960	12112.000000	14917.000000	3634.000000	5252.000000
0.487671	0.353442	0.786283	7211.000000	9171.000000	2490.000000	7045.000000
0.526313	0.411998	0.728424	14728.000000	20219.000000	3633.000000	8818.000000
0.715638	0.651107	0.794367	14046.000000	17682.000000	4352.000000	6684.000000
0.504253	0.339503	0.979643	5823.000000	5944.000000	2036.000000	5997.000000
0.637359	0.557882	0.743243	7095.000000	9546.000000	2371.000000	4250.000000
0.665809	0.602339	0.744231	11450.000000	15385.000000	3605.000000	5985.000000
0.597525	0.462798	0.842907	15158.000000	17983.000000	4833.000000	10443.000000
0.525770	0.384230	0.832403	11488.000000	13801.000000	3835.000000	9981.000000
0.713326	0.636390	0.811421	8980.000000	11067.000000	4351.000000	6837.000000
0.509225	0.377102	0.783860	7246.000000	9244.000000	2691.000000	7136.000000
0.505397	0.376607	0.768052	10573.000000	13766.000000	3896.000000	10345.000000
0.671851	0.531311	0.913481	14697.000000	16089.000000	3801.000000	7154.000000
0.352525	0.221346	0.865391	7689.000000	8885.000000	2217.000000	10016.000000
0.669997	0.562857	0.827513	11730.000000	14175.000000	3940.000000	7000.000000
0.492920	0.397725	0.648023	4704.000000	7259.000000	2308.000000	5803.000000
0.593967	0.473643	0.796244	11786.000000	14802.000000	3630.000000	7664.000000
0.506187	0.371633	0.793474	7684.000000	9684.000000	2497.000000	6719.000000
0.522813	0.445737	0.632118	4507.000000	7130.000000	1992.000000	4469.000000
0.639054	0.486842	0.929739	10348.000000	11130.000000	5550.000000	11400.000000
0.560538	0.487924	0.658542	8187.000000	12432.000000	2889.000000	5921.000000
0.656668	0.613654	0.706168	12055.000000	17071.000000	4063.000000	6621.000000
0.679493	0.554745	0.876623	13301.000000	15173.000000	4641.000000	8366.000000
0.532716	0.389243	0.843697	12917.000000	15310.000000	3293.000000	8460.000000
0.464473	0.325250	0.812086	12135.000000	14943.000000	3715.000000	11422.000000
0.574356	0.464141	0.753212	9965.000000	13230.000000	3333.000000	7181.000000
0.607329	0.480736	0.824427	14749.000000	17890.000000	4754.000000	9889.000000
0.646249	0.498960	0.916917	7946.000000	8666.000000	2159.000000	4327.000000
0.671496	0.618251	0.734777	14420.000000	19625.000000	5508.000000	8909.000000
0.840477	0.838201	0.842766	18272.000000	21681.000000	3559.000000	4246.000000
0.697036	0.645176	0.757961	11020.000000	14539.000000	2762.000000	4281.000000
0.748824	0.670588	0.847725	11830.000000	13955.000000	4104.000000	6120.000000
0.614207	0.528968	0.732194	7196.000000	9828.000000	3999.000000	7560.000000
0.692928	0.614681	0.794002	10484.000000	13204.000000	5577.000000	9073.000000
0.764168	0.732323	0.798910	18609.000000	23293.000000	5313.000000	7255.000000
0.689408	0.578264	0.853440	17516.000000	20524.000000	4991.000000	8631.000000
0.512052	0.352947	0.932342	9219.000000	9888.000000	3467.000000	9823.000000
0.637484	0.512020	0.844391	9507.000000	11259.000000	3557.000000	6947.000000
0.601739	0.545833	0.670404	9806.000000	14627.000000	3537.000000	6480.000000
0.619688	0.485465	0.856495	11704.000000	13665.000000	3791.000000	7809.000000
0.691204	0.605532	0.805113	17636.000000	21905.000000	6808.000000	11243.000000
0.494290	0.344591	0.873963	15068.000000	17241.000000	4214.000000	12229.000000
0.652172	0.525624	0.858980	16501.000000	19210.000000	6195.000000	11786.000000
0.689249	0.575464	0.859119	12916.000000	15034.000000	4339.000000	7540.000000
0.468115	0.393440	0.577777	11507.000000	19916.000000	2939.000000	7470.000000
0.845317	0.796222	0.900864	17093.000000	18974.000000	4341.000000	5452.000000
0.740658	0.704102	0.781219	18618.000000	23832.000000	6025.000000	8557.000000
0.574356	0.493747	0.686422	11304.000000	16468.000000	3711.000000	7516.000000
0.645611	0.529107	0.827908	9766.000000	11796.000000	4290.000000	8108.000000
0.793169	0.730038	0.868253	12772.000000	14710.000000	4416.000000	6049.000000
0.767509	0.692844	0.860211	22350.000000	25982.000000	7746.000000	11180.000000
0.606280	0.456487	0.902394	17224.000000	19087.000000	4789.000000	10491.000000
0.721263	0.628129	0.846822	15004.000000	17718.000000	4216.000000	6712.000000
0.659635	0.646360	0.673466	9145.000000	13579.000000	3427.000000	5302.000000
0.702100	0.674121	0.732502	13092.000000	17873.000000	4009.000000	5947.000000
0.665634	0.542674	0.860641	9875.000000	11474.000000	3211.000000	5917.000000
0.559565	0.427464	0.809830	12967.000000	16012.000000	4411.000000	10319.000000
0.760522	0.680919	0.861201	24676.000000	28653.000000	6784.000000	9963.000000
0.737869	0.608181	0.937855	9568.000000	10202.000000	2364.000000	3887.000000
0.387113	0.245584	0.913646	8443.000000	9241.000000	2711.000000	11039.000000
0.482967	0.345359	0.802866	8011.000000	9978.000000	3159.000000	9147.000000
0.468830	0.331155	0.802436	12648.000000	15762.000000	3801.000000	11478.000000
0.236568	0.135613	0.925676	7535.000000	8140.000000	2011.000000	14829.000000
0.446386	0.307836	0.811728	7558.000000	9311.000000	2479.000000	8053.000000
0.707201	0.625177	0.814000	13431.000000	16500.000000	5309.000000	8492.000000
0.678744	0.558318	0.865408	14390.000000	16628.000000	5299.000000	9491.000000
0.499706	0.349934	0.873613	4016.000000	4597.000000	1054.000000	3012.000000
0.601542	0.561993	0.647078	13632.000000	21067.000000	5403.000000	9614.000000
0.598927	0.442613	0.925930	17951.000000	19387.000000	6016.000000	13592.000000
0.569210	0.501360	0.658299	6215.000000	9441.000000	2027.000000	4043.000000
0.373313	0.244515	0.788820	1270.000000	1610.000000	613.000000	2507.000000
0.740890	0.715725	0.767889	15807.000000	20585.000000	5257.000000	7345.000000
0.749791	0.769523	0.731046	14936.000000	20431.000000	4454.000000	5788.000000
0.512205	0.411282	0.678763	9726.000000	14329.000000	2960.000000	7197.000000
0.471439	0.368806	0.653219	12014.000000	18392.000000	2471.000000	6700.000000
0.564808	0.465912	0.717002	5204.000000	7258.000000	1770.000000	3799.000000
0.648743	0.532069	0.830959	15922.000000	19161.000000	5641.000000	10602.000000
0.757697	0.684915	0.847786	18898.000000	22291.000000	6243.000000	9115.000000
0.400716	0.333271	0.502385	4845.000000	9644.000000	1776.000000	5329.000000
0.560416	0.407781	0.895671	8980.000000	10026.000000	2505.000000	6143.000000
0.367802	0.249405	0.700201	7656.000000	10934.000000	2619.000000	10501.000000
0.321810	0.208308	0.707080	8159.000000	11539.000000	2402.000000	11531.000000
0.613039	0.466052	0.895456	10287.000000	11488.000000	3940.000000	8454.000000
0.758798	0.660709	0.891088	12649.000000	14195.000000	4584.000000	6938.000000
0.770145	0.641534	0.963252	18768.000000	19484.000000	6305.000000	9828.000000
0.517090	0.357565	0.933619	11111.000000	11901.000000	2725.000000	7621.000000
0.674611	0.610980	0.753036	13581.000000	18035.000000	5453.000000	8925.000000
0.620025	0.642829	0.598783	9056.000000	15124.000000	3227.000000	5020.000000
0.767179	0.662003	0.912088	22047.000000	24172.000000	8375.000000	12651.000000
0.528039	0.434973	0.671768	6672.000000	9932.000000	2281.000000	5244.000000
0.671415	0.545256	0.873528	10754.000000	12311.000000	2494.000000	4574.000000
0.518960	0.524182	0.513841	11676.000000	22723.000000	3685.000000	7030.000000
0.643212	0.481537	0.968325	11464.000000	11839.000000	4499.000000	9343.000000
0.796260	0.774395	0.819396	21351.000000	26057.000000	6436.000000	8311.000000
0.627738	0.548447	0.733831	9826.000000	13390.000000	3866.000000	7049.000000
0.676896	0.589019	0.795591	16203.000000	20366.000000	7424.000000	12604.000000
0.741387	0.634189	0.892196	15046.000000	16864.000000	4374.000000	6897.000000
0.748750	0.623096	0.937887	21366.000000	22781.000000	6421.000000	10305.000000
0.760032	0.745057	0.775622	19707.000000	25408.000000	5012.000000	6727.000000
0.630362	0.476879	0.929531	21026.000000	22620.000000	7755.000000	16262.000000
0.612703	0.534454	0.717796	11919.000000	16605.000000	4421.000000	8272.000000
0.630080	0.528923	0.779080	9370.000000	12027.000000	2990.000000	5653.000000
0.746515	0.658160	0.862270	26307.000000	30509.000000	8098.000000	12304.000000
0.567068	0.448288	0.771483	10594.000000	13732.000000	3797.000000	8470.000000
0.722754	0.593045	0.925085	13682.000000	14790.000000	4758.000000	8023.000000
0.787800	0.779785	0.795982	20643.000000	25934.000000	7468.000000	9577.000000
0.728396	0.600975	0.924388	10196.000000	11030.000000	3083.000000	5130.000000
0.541709	0.390636	0.883317	10182.000000	11527.000000	3738.000000	9569.000000
0.632477	0.520177	0.806616	9973.000000	12364.000000	2939.000000	5650.000000
0.641949	0.482401	0.959190	12081.000000	12595.000000	2974.000000	6165.000000
0.335186	0.213628	0.777734	5945.000000	7644.000000	1646.000000	7705.000000
0.646809	0.598639	0.703408	11187.000000	15904.000000	5280.000000	8820.000000
0.416902	0.347281	0.521437	6969.000000	13365.000000	2382.000000	6859.000000
0.754467	0.650350	0.898275	11665.000000	12986.000000	4092.000000	6292.000000
0.597480	0.489483	0.766622	10400.000000	13566.000000	3002.000000	6133.000000
0.586087	0.438420	0.883749	12437.000000	14073.000000	4051.000000	9240.000000
0.829709	0.839272	0.820362	11837.000000	14429.000000	3274.000000	3901.000000
0.694335	0.660023	0.732409	13896.000000	18973.000000	4007.000000	6071.000000
0.755447	0.661953	0.879696	18500.000000	21030.000000	7958.000000	12022.000000
0.627707	0.500659	0.841160	14849.000000	17653.000000	4557.000000	9102.000000
0.588767	0.488320	0.741239	3469.000000	4680.000000	1317.000000	2697.000000
0.340543	0.208922	0.920391	6960.000000	7562.000000	1878.000000	8989.000000
0.501160	0.344518	0.918998	17245.000000	18765.000000	5031.000000	14603.000000
0.742827	0.677708	0.821792	15024.000000	18282.000000	5156.000000	7608.000000
0.702349	0.553559	0.960527	35576.000000	37038.000000	7209.000000	13023.000000
0.776308	0.696355	0.877001	21690.000000	24732.000000	6419.000000	9218.000000
0.475964	0.398442	0.590938	11320.000000	19156.000000	3121.000000	7833.000000
0.532764	0.410533	0.758640	9263.000000	12210.000000	3352.000000	8165.000000
0.676585	0.616893	0.749066	6018.000000	8034.000000	2359.000000	3824.000000
0.609788	0.529550	0.718684	14217.000000	19782.000000	5618.000000	10609.000000
0.783597	0.694014	0.899735	14923.000000	16586.000000	4348.000000	6265.000000
0.670224	0.568725	0.815821	10117.000000	12401.000000	3426.000000	6024.000000
0.700442	0.576341	0.892654	15991.000000	17914.000000	5028.000000	8724.000000
0.604864	0.474619	0.833628	20719.000000	24854.000000	6601.000000	13908.000000
0.594805	0.522989	0.689485	2518.000000	3652.000000	910.000000	1740.000000
0.837159	0.792554	0.887085	16608.000000	18722.000000	5769.000000	7279.000000
0.620696	0.498557	0.822097	17523.000000	21315.000000	7430.000000	14903.000000
0.392855	0.285876	0.627783	7642.000000	12173.000000	3542.000000	12390.000000
0.731022	0.591859	0.955746	11727.000000	12270.000000	3766.000000	6363.000000
0.490769	0.372970	0.717333	6961.000000	9704.000000	2365.000000	6341.000000
0.343042	0.214265	0.859794	7181.000000	8352.000000	2175.000000	10151.000000
0.407828	0.268686	0.845876	10554.000000	12477.000000	3717.000000	13834.000000
0.639327	0.510071	0.856326	11825.000000	13809.000000	3596.000000	7050.000000
