0.565141	0.433981	0.809919	14355.000000	17724.000000	4332.000000	9982.000000
0.645825	0.560930	0.761000	12055.000000	15841.000000	5358.000000	9552.000000
0.644849	0.482735	0.970904	21556.000000	22202.000000	9073.000000	18795.000000
0.527855	0.367085	0.939185	11598.000000	12349.000000	3948.000000	10755.000000
0.652206	0.535095	0.834942	20937.000000	25076.000000	5428.000000	10144.000000
0.445448	0.292988	0.928722	7505.000000	8081.000000	1525.000000	5205.000000
0.528155	0.397232	0.787807	6319.000000	8021.000000	2153.000000	5420.000000
0.372327	0.235651	0.886478	7926.000000	8941.000000	3026.000000	12841.000000
0.622496	0.516028	0.784317	10222.000000	13033.000000	2978.000000	5771.000000
0.395484	0.261722	0.808907	7429.000000	9184.000000	3299.000000	12605.000000
0.468789	0.325083	0.840211	9733.000000	11584.000000	3822.000000	11757.000000
0.280926	0.168779	0.837242	6461.000000	7717.000000	2144.000000	12703.000000
0.406394	0.263411	0.888898	10297.000000	11584.000000	3118.000000	11837.000000
0.713428	0.601490	0.876558	15899.000000	18138.000000	5734.000000	9533.000000
0.559198	0.399074	0.933926	15958.000000	17087.000000	4482.000000	11231.000000
0.477280	0.320127	0.937516	14719.000000	15700.000000	3628.000000	11333.000000
0.498291	0.335003	0.972130	15836.000000	16290.000000	4748.000000	14173.000000
0.639257	0.484272	0.940137	19851.000000	21115.000000	7405.000000	15291.000000
0.689933	0.540244	0.954364	11962.000000	12534.000000	4685.000000	8672.000000
0.576509	0.410630	0.967234	12044.000000	12452.000000	5686.000000	13847.000000
0.526117	0.377352	0.868514	6896.000000	7940.000000	3349.000000	8875.000000
0.514140	0.357790	0.913191	9173.000000	10045.000000	4184.000000	11694.000000
0.715624	0.589133	0.911283	15038.000000	16502.000000	6950.000000	11797.000000
0.698602	0.603703	0.828900	16985.000000	20491.000000	6424.000000	10641.000000
0.309867	0.193264	0.781192	5034.000000	6444.000000	2014.000000	10421.000000
0.313138	0.189730	0.895811	5047.000000	5634.000000	1574.000000	8296.000000
0.381307	0.249796	0.805246	8228.000000	10218.000000	2449.000000	9804.000000
0.518311	0.363476	0.902953	7797.000000	8635.000000	3919.000000	10782.000000
0.621554	0.451411	0.997543	3654.000000	3663.000000	1008.000000	2233.000000
0.382046	0.246555	0.848116	7812.000000	9211.000000	3525.000000	14297.000000
0.620563	0.454420	0.978215	14055.000000	14368.000000	5249.000000	11551.000000
0.563672	0.414693	0.879709	12564.000000	14282.000000	5007.000000	12074.000000
0.575419	0.416817	0.928856	14244.000000	15335.000000	5775.000000	13855.000000
0.411830	0.268093	0.887846	13616.000000	15336.000000	3508.000000	13085.000000
0.629958	0.477840	0.924161	17121.000000	18526.000000	7353.000000	15388.000000
0.553874	0.388169	0.966433	18225.000000	18858.000000	6864.000000	17683.000000
0.294388	0.176163	0.895089	8438.000000	9427.000000	3036.000000	17234.000000
0.431632	0.278892	0.954245	11700.000000	12261.000000	5203.000000	18656.000000
0.614484	0.466041	0.901688	19288.000000	21391.000000	7747.000000	16623.000000
0.143313	0.077830	0.903363	4889.000000	5412.000000	1419.000000	18232.000000
0.584473	0.418441	0.968932	16280.000000	16802.000000	4343.000000	10379.000000
0.659252	0.514522	0.917271	14414.000000	15714.000000	5421.000000	10536.000000
0.692143	0.560147	0.905525	18882.000000	20852.000000	8377.000000	14955.000000
0.553526	0.401417	0.891249	15063.000000	16901.000000	4363.000000	10869.000000
0.689036	0.561163	0.892385	14777.000000	16559.000000	5115.000000	9115.000000
0.537479	0.372383	0.965556	14465.000000	14981.000000	5159.000000	13854.000000
0.416247	0.273657	0.869089	11266.000000	12963.000000	4390.000000	16042.000000
0.619630	0.484697	0.858670	18871.000000	21977.000000	6905.000000	14246.000000
0.420995	0.273949	0.908811	10614.000000	11679.000000	3566.000000	13017.000000
0.504511	0.362666	0.828585	9044.000000	10915.000000	4521.000000	12466.000000
0.546496	0.386503	0.932506	8041.000000	8623.000000	2268.000000	5868.000000
0.645666	0.489462	0.948299	17645.000000	18607.000000	4041.000000	8256.000000
0.562481	0.404341	0.923774	12228.000000	13237.000000	4024.000000	9952.000000
0.278339	0.166542	0.846760	6338.000000	7485.000000	2663.000000	15990.000000
0.681559	0.563439	0.862342	16112.000000	18684.000000	5551.000000	9852.000000
0.355555	0.230267	0.779894	21784.000000	27932.000000	4023.000000	17471.000000
0.566742	0.410087	0.917067	16023.000000	17472.000000	6139.000000	14970.000000
0.691882	0.567771	0.885433	13208.000000	14917.000000	4524.000000	7968.000000
0.418754	0.279716	0.832625	7636.000000	9171.000000	2958.000000	10575.000000
0.477888	0.335144	0.832435	16831.000000	20219.000000	4565.000000	13621.000000
0.625782	0.495621	0.848660	15006.000000	17682.000000	4810.000000	9705.000000
0.374534	0.230895	0.991083	5891.000000	5944.000000	2112.000000	9147.000000
0.345720	0.214038	0.898492	8577.000000	9546.000000	2967.000000	13862.000000
0.586210	0.451385	0.835879	12860.000000	15385.000000	3960.000000	8773.000000
0.559761	0.401950	0.921593	16573.000000	17983.000000	5319.000000	13233.000000
0.423438	0.275449	0.915079	12629.000000	13801.000000	4113.000000	14932.000000
0.689547	0.549130	0.926448	10253.000000	11067.000000	5365.000000	9770.000000
0.432703	0.286650	0.882194	8155.000000	9244.000000	3326.000000	11603.000000
0.458770	0.310467	0.878323	12091.000000	13766.000000	4716.000000	15190.000000
0.552835	0.385488	0.976941	15718.000000	16089.000000	4213.000000	10929.000000
0.292565	0.174151	0.914125	8122.000000	8885.000000	2575.000000	14786.000000
0.612268	0.450916	0.953439	13515.000000	14175.000000	4676.000000	10370.000000
0.426681	0.283961	0.857832	6227.000000	7259.000000	3008.000000	10593.000000
0.533975	0.376713	0.916633	13568.000000	14802.000000	4426.000000	11749.000000
0.481462	0.326427	0.916976	8880.000000	9684.000000	3340.000000	10232.000000
0.501755	0.357948	0.838710	5980.000000	7130.000000	2666.000000	7448.000000
0.539458	0.374674	0.962983	10718.000000	11130.000000	5888.000000	15715.000000
0.576190	0.459371	0.772683	9606.000000	12432.000000	3669.000000	7987.000000
0.644310	0.519768	0.847343	14465.000000	17071.000000	5285.000000	10168.000000
0.625082	0.472394	0.923614	14014.000000	15173.000000	4971.000000	10523.000000
0.400696	0.255544	0.927564	14201.000000	15310.000000	3768.000000	14745.000000
0.401025	0.254746	0.941846	14074.000000	14943.000000	4227.000000	16593.000000
0.566952	0.426379	0.845805	11190.000000	13230.000000	3834.000000	8992.000000
0.512303	0.353039	0.933371	16698.000000	17890.000000	5751.000000	16290.000000
0.432023	0.278125	0.967228	8382.000000	8666.000000	2267.000000	8151.000000
0.676861	0.563087	0.848255	16647.000000	19625.000000	6837.000000	12142.000000
0.735811	0.612693	0.920852	19965.000000	21681.000000	4045.000000	6602.000000
0.558248	0.410004	0.874407	12713.000000	14539.000000	3369.000000	8217.000000
0.678679	0.518595	0.981727	13700.000000	13955.000000	5020.000000	9680.000000
0.539907	0.380584	0.928673	9127.000000	9828.000000	4626.000000	12155.000000
0.639695	0.503411	0.877158	11582.000000	13204.000000	6493.000000	12898.000000
0.786114	0.699727	0.896836	20890.000000	23293.000000	6399.000000	9145.000000
0.649531	0.495397	0.942896	19352.000000	20524.000000	5758.000000	11623.000000
0.417415	0.266263	0.965514	9547.000000	9888.000000	3520.000000	13220.000000
0.560572	0.405958	0.905409	10194.000000	11259.000000	3952.000000	9735.000000
0.560263	0.416542	0.855404	12512.000000	14627.000000	4472.000000	10736.000000
0.539102	0.377901	0.940139	12847.000000	13665.000000	4234.000000	11204.000000
0.678203	0.535948	0.923260	20224.000000	21905.000000	7939.000000	14813.000000
0.453199	0.296970	0.956267	16487.000000	17241.000000	4832.000000	16271.000000
0.594843	0.433317	0.948360	18218.000000	19210.000000	7096.000000	16376.000000
0.673677	0.520313	0.955235	14361.000000	15034.000000	5046.000000	9698.000000
0.507651	0.373089	0.794035	15814.000000	19916.000000	4417.000000	11839.000000
0.779196	0.655042	0.961421	18242.000000	18974.000000	5015.000000	7656.000000
0.688142	0.544549	0.934584	22273.000000	23832.000000	7383.000000	13558.000000
0.572480	0.436240	0.832463	13709.000000	16468.000000	4803.000000	11010.000000
0.581977	0.419132	0.951763	11227.000000	11796.000000	5043.000000	12032.000000
0.778098	0.651419	0.965942	14209.000000	14710.000000	4913.000000	7542.000000
0.749795	0.624070	0.938958	24396.000000	25982.000000	8893.000000	14250.000000
0.564465	0.398843	0.965317	18425.000000	19087.000000	5104.000000	12797.000000
0.694328	0.556090	0.924032	16372.000000	17718.000000	5086.000000	9146.000000
0.607909	0.518201	0.735179	9983.000000	13579.000000	3986.000000	7692.000000
0.640903	0.515628	0.846584	15131.000000	17873.000000	4949.000000	9598.000000
0.602124	0.438488	0.960607	11022.000000	11474.000000	3746.000000	8543.000000
0.493725	0.338803	0.909693	14566.000000	16012.000000	5224.000000	15419.000000
0.712905	0.571598	0.947021	27135.000000	28653.000000	8207.000000	14358.000000
0.653675	0.493103	0.969320	9889.000000	10202.000000	2395.000000	4857.000000
0.308471	0.183204	0.975436	9014.000000	9241.000000	3209.000000	17516.000000
0.389639	0.249388	0.890359	8884.000000	9978.000000	3768.000000	15109.000000
0.445955	0.296318	0.900901	14200.000000	15762.000000	4643.000000	15669.000000
0.208798	0.117102	0.962408	7834.000000	8140.000000	2085.000000	17805.000000
0.366994	0.229721	0.911932	8491.000000	9311.000000	2866.000000	12476.000000
0.663335	0.515387	0.930424	15352.000000	16500.000000	6163.000000	11958.000000
0.626255	0.464404	0.961270	15984.000000	16628.000000	6158.000000	13260.000000
0.401572	0.255359	0.939526	4319.000000	4597.000000	1227.000000	4805.000000
0.641055	0.503633	0.881616	18573.000000	21067.000000	8180.000000	16242.000000
0.496910	0.334669	0.964461	18698.000000	19387.000000	6764.000000	20211.000000
0.523256	0.370184	0.892172	8423.000000	9441.000000	2863.000000	7734.000000
0.243432	0.140873	0.895031	1441.000000	1610.000000	700.000000	4969.000000
0.725757	0.610581	0.894486	18413.000000	20585.000000	6659.000000	10906.000000
0.777899	0.733817	0.827615	16909.000000	20431.000000	5464.000000	7446.000000
0.461955	0.313583	0.876823	12564.000000	14329.000000	3837.000000	12236.000000
0.446431	0.298920	0.881361	16210.000000	18392.000000	3489.000000	11672.000000
0.478532	0.337092	0.824470	5984.000000	7258.000000	2212.000000	6562.000000
0.600038	0.448147	0.907677	17392.000000	19161.000000	6845.000000	15274.000000
0.731682	0.597995	0.942353	21006.000000	22291.000000	7097.000000	11868.000000
0.378222	0.249894	0.777478	7498.000000	9644.000000	2958.000000	11837.000000
0.433825	0.281100	0.949930	9524.000000	10026.000000	2585.000000	9196.000000
0.359208	0.226436	0.868392	9495.000000	10934.000000	3445.000000	15214.000000
0.291921	0.175109	0.876852	10118.000000	11539.000000	3132.000000	17886.000000
0.468618	0.309444	0.965007	11086.000000	11488.000000	4430.000000	14316.000000
0.610525	0.453607	0.933427	13250.000000	14195.000000	4879.000000	10756.000000
0.673307	0.512557	0.980959	19113.000000	19484.000000	6184.000000	12065.000000
0.371002	0.228987	0.976809	11625.000000	11901.000000	2915.000000	12730.000000
0.646447	0.506462	0.893374	16112.000000	18035.000000	6897.000000	13618.000000
0.714863	0.644100	0.803094	12146.000000	15124.000000	4738.000000	7356.000000
0.702753	0.561612	0.938648	22689.000000	24172.000000	8500.000000	15135.000000
0.539945	0.434995	0.711639	7068.000000	9932.000000	2583.000000	5938.000000
0.625508	0.457131	0.990253	12191.000000	12311.000000	3183.000000	6963.000000
0.475002	0.381350	0.629626	14307.000000	22723.000000	4797.000000	12579.000000
0.519916	0.352909	0.986992	11685.000000	11839.000000	4483.000000	12703.000000
0.744521	0.611063	0.952566	24821.000000	26057.000000	7744.000000	12673.000000
0.618805	0.475332	0.886333	11868.000000	13390.000000	4933.000000	10378.000000
0.639249	0.489767	0.920063	18738.000000	20366.000000	9333.000000	19056.000000
0.612236	0.452760	0.945149	15939.000000	16864.000000	4955.000000	10944.000000
0.655376	0.495031	0.969360	22083.000000	22781.000000	7024.000000	14189.000000
0.728963	0.604137	0.918805	23345.000000	25408.000000	6425.000000	10635.000000
0.593505	0.425962	0.978294	22129.000000	22620.000000	8420.000000	19767.000000
0.626943	0.484224	0.888949	14761.000000	16605.000000	5571.000000	11505.000000
0.579030	0.426149	0.902968	10860.000000	12027.000000	3820.000000	8964.000000
0.696344	0.551755	0.943623	28789.000000	30509.000000	9355.000000	16955.000000
0.516875	0.359846	0.917055	12593.000000	13732.000000	4687.000000	13025.000000
0.578000	0.412470	0.965450	14279.000000	14790.000000	5127.000000	12430.000000
0.793882	0.701775	0.913820	23699.000000	25934.000000	9175.000000	13074.000000
0.629055	0.465937	0.967906	10676.000000	11030.000000	3406.000000	7310.000000
0.442647	0.289215	0.942830	10868.000000	11527.000000	3824.000000	13222.000000
0.521581	0.367414	0.898657	11111.000000	12364.000000	3342.000000	9096.000000
0.546237	0.381219	0.963160	12131.000000	12595.000000	2858.000000	7497.000000
0.279806	0.165727	0.897828	6863.000000	7644.000000	1941.000000	11712.000000
0.633292	0.510330	0.834318	13269.000000	15904.000000	6694.000000	13117.000000
0.395930	0.266539	0.769473	10284.000000	13365.000000	3606.000000	13529.000000
0.621431	0.479293	0.883413	11472.000000	12986.000000	4340.000000	9055.000000
0.543900	0.393507	0.880363	11943.000000	13566.000000	3915.000000	9949.000000
0.492041	0.330534	0.962197	13541.000000	14073.000000	4447.000000	13454.000000
0.779768	0.703381	0.874766	12622.000000	14429.000000	3557.000000	5057.000000
0.624367	0.490719	0.858061	16280.000000	18973.000000	5023.000000	10236.000000
0.722574	0.580973	0.955445	20093.000000	21030.000000	9270.000000	15956.000000
0.523634	0.364243	0.931060	16436.000000	17653.000000	5236.000000	14375.000000
0.455204	0.320000	0.788248	3689.000000	4680.000000	1360.000000	4250.000000
0.281472	0.164243	0.983338	7436.000000	7562.000000	2044.000000	12445.000000
0.432683	0.277882	0.976872	18331.000000	18765.000000	5621.000000	20228.000000
0.654756	0.505394	0.929439	16992.000000	18282.000000	6137.000000	12143.000000
0.627297	0.459317	0.988984	36630.000000	37038.000000	7762.000000	16899.000000
0.718495	0.581568	0.939754	23242.000000	24732.000000	7276.000000	12511.000000
0.472986	0.336056	0.798236	15291.000000	19156.000000	4279.000000	12733.000000
0.457645	0.309901	0.874611	10679.000000	12210.000000	4069.000000	13130.000000
0.654442	0.521838	0.877396	7049.000000	8034.000000	2975.000000	5701.000000
0.628966	0.488097	0.884137	17490.000000	19782.000000	7094.000000	14534.000000
0.680025	0.531789	0.942843	15638.000000	16586.000000	4751.000000	8934.000000
0.609847	0.450698	0.942747	11691.000000	12401.000000	4228.000000	9381.000000
0.611468	0.451759	0.945852	16944.000000	17914.000000	5469.000000	12106.000000
0.569869	0.403860	0.967611	24049.000000	24854.000000	7889.000000	19534.000000
0.428983	0.309166	0.700438	2558.000000	3652.000000	1049.000000	3393.000000
0.794048	0.675486	0.963092	18031.000000	18722.000000	6919.000000	10243.000000
0.581978	0.419160	0.951630	20284.000000	21315.000000	9276.000000	22130.000000
0.398475	0.264814	0.804567	9794.000000	12173.000000	4746.000000	17922.000000
0.576659	0.409733	0.973105	11940.000000	12270.000000	3974.000000	9699.000000
0.442439	0.294912	0.885305	8591.000000	9704.000000	3298.000000	11183.000000
0.293500	0.173407	0.954622	7973.000000	8352.000000	2414.000000	13921.000000
0.367600	0.228278	0.943336	11770.000000	12477.000000	4398.000000	19266.000000
0.596361	0.437016	0.938591	12961.000000	13809.000000	4177.000000	9558.000000
