0.344915	0.542285	0.252877	4482.000000	17724.000000	1353.000000	2495.000000
0.300999	0.423157	0.233571	3700.000000	15841.000000	1630.000000	3852.000000
0.721444	0.841070	0.631610	14023.000000	22202.000000	4874.000000	5795.000000
0.513855	0.563824	0.472022	5829.000000	12349.000000	2076.000000	3682.000000
0.625376	0.793614	0.515991	12939.000000	25076.000000	2734.000000	3445.000000
0.789802	0.798450	0.781339	6314.000000	8081.000000	1133.000000	1419.000000
0.590959	0.682822	0.520883	4178.000000	8021.000000	1113.000000	1630.000000
0.440537	0.381080	0.521977	4667.000000	8941.000000	1849.000000	4852.000000
0.570167	0.782022	0.448630	5847.000000	13033.000000	1392.000000	1780.000000
0.412169	0.383678	0.445231	4089.000000	9184.000000	1448.000000	3774.000000
0.638223	0.741854	0.559997	6487.000000	11584.000000	1753.000000	2363.000000
0.323238	0.296020	0.355967	2747.000000	7717.000000	833.000000	2814.000000
0.475204	0.437433	0.520114	6025.000000	11584.000000	1629.000000	3724.000000
0.729963	0.877760	0.624766	11332.000000	18138.000000	3339.000000	3804.000000
0.656297	0.716166	0.605665	10349.000000	17087.000000	2503.000000	3495.000000
0.562650	0.574645	0.551146	8653.000000	15700.000000	1940.000000	3376.000000
0.637688	0.688252	0.594045	9677.000000	16290.000000	2689.000000	3907.000000
0.539203	0.698496	0.439072	9271.000000	21115.000000	2926.000000	4189.000000
0.712386	0.678659	0.749641	9396.000000	12534.000000	3339.000000	4920.000000
0.749143	0.786340	0.715307	8907.000000	12452.000000	3143.000000	3997.000000
0.633950	0.567275	0.718388	5704.000000	7940.000000	2302.000000	4058.000000
0.676375	0.598940	0.776804	7803.000000	10045.000000	3278.000000	5473.000000
0.744250	0.847881	0.663192	10944.000000	16502.000000	3662.000000	4319.000000
0.597142	0.831128	0.465961	9548.000000	20491.000000	2638.000000	3174.000000
0.230894	0.522368	0.148200	955.000000	6444.000000	397.000000	760.000000
0.702584	0.640167	0.778488	4386.000000	5634.000000	1071.000000	1673.000000
0.591147	0.621747	0.563417	5757.000000	10218.000000	1338.000000	2152.000000
0.612919	0.648973	0.580660	5014.000000	8635.000000	2592.000000	3994.000000
0.778072	0.759132	0.797980	2923.000000	3663.000000	665.000000	876.000000
0.374406	0.496791	0.300402	2767.000000	9211.000000	1161.000000	2337.000000
0.743227	0.779656	0.710050	10202.000000	14368.000000	2537.000000	3254.000000
0.331908	0.445343	0.264529	3778.000000	14282.000000	1377.000000	3092.000000
0.495932	0.713728	0.379980	5827.000000	15335.000000	2012.000000	2819.000000
0.608532	0.543455	0.691315	10602.000000	15336.000000	2495.000000	4591.000000
0.606474	0.709587	0.529526	9810.000000	18526.000000	3279.000000	4621.000000
0.681583	0.760894	0.617245	11640.000000	18858.000000	3370.000000	4429.000000
0.529900	0.417454	0.725257	6837.000000	9427.000000	1856.000000	4446.000000
0.540584	0.557860	0.524345	6429.000000	12261.000000	2502.000000	4485.000000
0.509735	0.671745	0.410687	8785.000000	21391.000000	2910.000000	4332.000000
0.330780	0.228711	0.597376	3233.000000	5412.000000	795.000000	3476.000000
0.774998	0.789734	0.760802	12783.000000	16802.000000	3354.000000	4247.000000
0.576417	0.620584	0.538119	8456.000000	15714.000000	2828.000000	4557.000000
0.697478	0.826138	0.603491	12584.000000	20852.000000	4880.000000	5907.000000
0.688319	0.797235	0.605585	10235.000000	16901.000000	2422.000000	3038.000000
0.607121	0.719411	0.525152	8696.000000	16559.000000	2346.000000	3261.000000
0.801629	0.813109	0.790468	11842.000000	14981.000000	3920.000000	4821.000000
0.316059	0.373351	0.274011	3552.000000	12963.000000	1443.000000	3865.000000
0.570726	0.624015	0.525822	11556.000000	21977.000000	3882.000000	6221.000000
0.678532	0.622407	0.745783	8710.000000	11679.000000	2100.000000	3374.000000
0.189897	0.553404	0.114613	1251.000000	10915.000000	943.000000	1704.000000
0.668857	0.642036	0.698017	6019.000000	8623.000000	1564.000000	2436.000000
0.660281	0.761905	0.582576	10840.000000	18607.000000	2272.000000	2982.000000
0.397320	0.476190	0.340863	4512.000000	13237.000000	1340.000000	2814.000000
0.449183	0.428571	0.471877	3532.000000	7485.000000	1140.000000	2660.000000
0.598142	0.843750	0.463284	8656.000000	18684.000000	2673.000000	3168.000000
0.185093	0.260786	0.143456	4007.000000	27932.000000	677.000000	2596.000000
0.593351	0.609975	0.577610	10092.000000	17472.000000	3131.000000	5133.000000
0.672481	0.767643	0.598311	8925.000000	14917.000000	2045.000000	2664.000000
0.431398	0.414917	0.449242	4120.000000	9171.000000	1502.000000	3620.000000
0.387784	0.501792	0.315990	6389.000000	20219.000000	1400.000000	2790.000000
0.682269	0.756743	0.621140	10983.000000	17682.000000	3030.000000	4004.000000
0.717110	0.591979	0.909320	5405.000000	5944.000000	1786.000000	3017.000000
0.403916	0.998004	0.253195	2417.000000	9546.000000	500.000000	501.000000
0.656172	0.738365	0.590445	9084.000000	15385.000000	2602.000000	3524.000000
0.583480	0.677600	0.512317	9213.000000	17983.000000	2417.000000	3567.000000
0.615634	0.617263	0.614013	8474.000000	13801.000000	2503.000000	4055.000000
0.551045	0.844022	0.409054	4527.000000	11067.000000	2040.000000	2417.000000
0.458153	0.608523	0.367373	3396.000000	9244.000000	1071.000000	1760.000000
0.305170	0.313519	0.297254	4092.000000	13766.000000	1461.000000	4660.000000
0.673913	0.655887	0.692958	11149.000000	16089.000000	2373.000000	3618.000000
0.506308	0.384880	0.739674	6572.000000	8885.000000	1792.000000	4656.000000
0.577904	0.670966	0.507513	7194.000000	14175.000000	2341.000000	3489.000000
0.426986	0.447109	0.408596	2966.000000	7259.000000	1268.000000	2836.000000
0.554070	0.667111	0.473787	7013.000000	14802.000000	2000.000000	2998.000000
0.580666	0.573138	0.588393	5698.000000	9684.000000	1724.000000	3008.000000
0.504556	0.675875	0.402525	2870.000000	7130.000000	1101.000000	1629.000000
0.585225	0.569140	0.602246	6703.000000	11130.000000	3091.000000	5431.000000
0.577464	0.659873	0.513353	6382.000000	12432.000000	1975.000000	2993.000000
0.665727	0.806589	0.566751	9675.000000	17071.000000	2644.000000	3278.000000
0.689562	0.667636	0.712977	10818.000000	15173.000000	3443.000000	5157.000000
0.775296	0.926428	0.666558	10205.000000	15310.000000	2254.000000	2433.000000
0.639434	0.596306	0.689286	10300.000000	14943.000000	2712.000000	4548.000000
0.514313	0.591618	0.454875	6018.000000	13230.000000	1821.000000	3078.000000
0.372681	0.664413	0.258971	4633.000000	17890.000000	1376.000000	2071.000000
0.766279	0.737226	0.797715	6913.000000	8666.000000	1919.000000	2603.000000
0.404447	0.639974	0.295643	5802.000000	19625.000000	1934.000000	3022.000000
0.634175	0.862307	0.501499	10873.000000	21681.000000	2123.000000	2462.000000
0.601891	0.816607	0.476580	6929.000000	14539.000000	1367.000000	1674.000000
0.770338	0.789211	0.752347	10499.000000	13955.000000	3160.000000	4004.000000
0.492173	0.666566	0.390110	3834.000000	9828.000000	2197.000000	3296.000000
0.635224	0.720237	0.568161	7502.000000	13204.000000	3527.000000	4897.000000
0.712764	0.832638	0.623063	14513.000000	23293.000000	3791.000000	4553.000000
0.660967	0.736930	0.599201	12298.000000	20524.000000	3101.000000	4208.000000
0.605425	0.515820	0.732706	7245.000000	9888.000000	2527.000000	4899.000000
0.661819	0.677876	0.646505	7279.000000	11259.000000	2298.000000	3390.000000
0.564674	0.746639	0.454023	6641.000000	14627.000000	2499.000000	3347.000000
0.691540	0.703494	0.679985	9292.000000	13665.000000	2859.000000	4064.000000
0.605591	0.784385	0.493175	10803.000000	21905.000000	4300.000000	5482.000000
0.507675	0.445122	0.590685	10184.000000	17241.000000	2409.000000	5412.000000
0.613949	0.716896	0.536856	10313.000000	19210.000000	3492.000000	4871.000000
0.559538	0.701389	0.465412	6997.000000	15034.000000	2020.000000	2880.000000
0.196841	0.526316	0.121058	2411.000000	19916.000000	670.000000	1273.000000
0.884660	0.984818	0.802994	15236.000000	18974.000000	2984.000000	3030.000000
0.707998	0.828313	0.618202	14733.000000	23832.000000	4207.000000	5079.000000
0.416169	0.599384	0.318739	5249.000000	16468.000000	1556.000000	2596.000000
0.593718	0.647664	0.548067	6465.000000	11796.000000	2454.000000	3789.000000
0.801690	0.891050	0.728620	10718.000000	14710.000000	3345.000000	3754.000000
0.671323	0.888843	0.539335	14013.000000	25982.000000	4286.000000	4822.000000
0.729068	0.687511	0.775973	14811.000000	19087.000000	3969.000000	5773.000000
0.597655	0.689549	0.527373	9344.000000	17718.000000	2019.000000	2928.000000
0.432045	0.734737	0.305987	4155.000000	13579.000000	1396.000000	1900.000000
0.536006	0.723881	0.425558	7606.000000	17873.000000	2231.000000	3082.000000
0.785907	0.807466	0.765470	8783.000000	11474.000000	2336.000000	2893.000000
0.621088	0.737749	0.536285	8587.000000	16012.000000	2740.000000	3714.000000
0.600097	0.882653	0.454577	13025.000000	28653.000000	3114.000000	3528.000000
0.805643	0.843750	0.770829	7864.000000	10202.000000	1539.000000	1824.000000
0.316601	0.345029	0.292501	2703.000000	9241.000000	708.000000	2052.000000
0.185944	0.261317	0.144317	1440.000000	9978.000000	508.000000	1944.000000
0.347181	0.348092	0.346276	5458.000000	15762.000000	1368.000000	3930.000000
0.357972	0.231774	0.785872	6397.000000	8140.000000	1402.000000	6049.000000
0.517213	0.487025	0.551391	5134.000000	9311.000000	1614.000000	3314.000000
0.707071	0.808419	0.628303	10367.000000	16500.000000	3553.000000	4395.000000
0.694509	0.772078	0.631104	10494.000000	16628.000000	3296.000000	4269.000000
0.618102	0.496745	0.817925	3760.000000	4597.000000	992.000000	1997.000000
0.312112	0.653987	0.204965	4318.000000	21067.000000	1788.000000	2734.000000
0.612720	0.595019	0.631506	12243.000000	19387.000000	3823.000000	6425.000000
0.657585	0.729683	0.598454	5650.000000	9441.000000	1706.000000	2338.000000
0.442548	0.346054	0.613665	988.000000	1610.000000	399.000000	1153.000000
0.620567	0.844644	0.490454	10096.000000	20585.000000	3012.000000	3566.000000
0.686307	0.840020	0.580148	11853.000000	20431.000000	3287.000000	3913.000000
0.269036	0.600445	0.173355	2484.000000	14329.000000	810.000000	1349.000000
0.536199	0.696459	0.435896	8017.000000	18392.000000	1613.000000	2316.000000
0.468410	0.747147	0.341141	2476.000000	7258.000000	851.000000	1139.000000
0.531091	0.652256	0.447889	8582.000000	19161.000000	3093.000000	4742.000000
0.604838	0.864382	0.465165	10369.000000	22291.000000	3582.000000	4144.000000
0.275115	0.617284	0.177001	1707.000000	9644.000000	450.000000	729.000000
0.796962	0.764641	0.832136	8343.000000	10026.000000	2076.000000	2715.000000
0.497794	0.592635	0.429120	4692.000000	10934.000000	1545.000000	2607.000000
0.412874	0.366568	0.472571	5453.000000	11539.000000	1489.000000	4062.000000
0.679612	0.812827	0.583914	6708.000000	11488.000000	2332.000000	2869.000000
0.757297	0.811848	0.709616	10073.000000	14195.000000	2878.000000	3545.000000
0.791163	0.836787	0.750257	14618.000000	19484.000000	4604.000000	5502.000000
0.697619	0.634528	0.774641	9219.000000	11901.000000	1823.000000	2873.000000
0.503132	0.770126	0.373607	6738.000000	18035.000000	2449.000000	3180.000000
0.566721	0.759121	0.452129	6838.000000	15124.000000	1935.000000	2549.000000
0.763463	0.815632	0.717566	17345.000000	24172.000000	6136.000000	7523.000000
0.385902	0.733064	0.261881	2601.000000	9932.000000	725.000000	989.000000
0.749119	0.909485	0.636829	7840.000000	12311.000000	1678.000000	1845.000000
0.124174	0.724675	0.067905	1543.000000	22723.000000	558.000000	770.000000
0.699908	0.741828	0.662471	7843.000000	11839.000000	2905.000000	3916.000000
0.753589	0.873769	0.662471	17262.000000	26057.000000	4880.000000	5585.000000
0.453879	0.643799	0.350485	4693.000000	13390.000000	1708.000000	2653.000000
0.487210	0.710827	0.370618	7548.000000	20366.000000	3230.000000	4544.000000
0.675014	0.683865	0.666390	11238.000000	16864.000000	2916.000000	4264.000000
0.749414	0.802850	0.702647	16007.000000	22781.000000	3437.000000	4281.000000
0.531565	0.873584	0.382006	9706.000000	25408.000000	2391.000000	2737.000000
0.644367	0.591166	0.708090	16017.000000	22620.000000	5434.000000	9192.000000
0.321324	0.490311	0.238964	3968.000000	16605.000000	2100.000000	4283.000000
0.645975	0.773266	0.554669	6671.000000	12027.000000	1828.000000	2364.000000
0.539932	0.873269	0.390770	11922.000000	30509.000000	3342.000000	3827.000000
0.371536	0.558312	0.278401	3823.000000	13732.000000	1283.000000	2298.000000
0.754814	0.780269	0.730967	10811.000000	14790.000000	3654.000000	4683.000000
0.645910	0.889490	0.507056	13150.000000	25934.000000	4274.000000	4805.000000
0.821442	0.780140	0.867362	9567.000000	11030.000000	2679.000000	3434.000000
0.622978	0.653148	0.595472	6864.000000	11527.000000	2448.000000	3748.000000
0.596130	0.560556	0.636525	7870.000000	12364.000000	2055.000000	3666.000000
0.747417	0.660136	0.861294	10848.000000	12595.000000	2325.000000	3522.000000
0.632699	0.595357	0.675039	5160.000000	7644.000000	1308.000000	2197.000000
0.594008	0.825519	0.463908	7378.000000	15904.000000	2905.000000	3519.000000
0.221592	0.484342	0.143659	1920.000000	13365.000000	464.000000	958.000000
0.725888	0.749804	0.703450	9135.000000	12986.000000	2868.000000	3825.000000
0.604789	0.676863	0.546587	7415.000000	13566.000000	1571.000000	2321.000000
0.554330	0.636515	0.490940	6909.000000	14073.000000	1907.000000	2996.000000
0.692255	0.922015	0.554162	7996.000000	14429.000000	2270.000000	2462.000000
0.683505	0.870499	0.562642	10675.000000	18973.000000	2877.000000	3305.000000
0.614783	0.793647	0.501712	10551.000000	21030.000000	3823.000000	4817.000000
0.656543	0.699166	0.618818	10924.000000	17653.000000	2933.000000	4195.000000
0.698786	0.747287	0.656197	3071.000000	4680.000000	964.000000	1290.000000
0.484140	0.359874	0.739487	5592.000000	7562.000000	1487.000000	4132.000000
0.510484	0.476135	0.550173	10324.000000	18765.000000	2474.000000	5196.000000
0.749362	0.843619	0.674051	12323.000000	18282.000000	3814.000000	4521.000000
0.660350	0.650350	0.670663	24840.000000	37038.000000	4650.000000	7150.000000
0.718405	0.793883	0.656033	16225.000000	24732.000000	4568.000000	5754.000000
0.241210	0.317148	0.194613	3728.000000	19156.000000	934.000000	2945.000000
0.524017	0.588299	0.472400	5768.000000	12210.000000	1639.000000	2786.000000
0.702933	0.708800	0.697162	5601.000000	8034.000000	1772.000000	2500.000000
0.510118	0.675013	0.409969	8110.000000	19782.000000	2588.000000	3834.000000
0.778285	0.780690	0.775895	12869.000000	16586.000000	3396.000000	4350.000000
0.636465	0.905747	0.490606	6084.000000	12401.000000	1576.000000	1740.000000
0.722483	0.752245	0.694987	12450.000000	17914.000000	3686.000000	4900.000000
0.617910	0.639085	0.598093	14865.000000	24854.000000	4163.000000	6514.000000
0.719126	0.873397	0.611172	2232.000000	3652.000000	545.000000	624.000000
0.678278	0.948515	0.527882	9883.000000	18722.000000	3003.000000	3166.000000
0.444758	0.603187	0.352240	7508.000000	21315.000000	3028.000000	5020.000000
0.165121	0.228645	0.129220	1573.000000	12173.000000	803.000000	3512.000000
0.803833	0.793357	0.814588	9995.000000	12270.000000	2914.000000	3673.000000
0.426517	0.652596	0.316777	3074.000000	9704.000000	1144.000000	1753.000000
0.401944	0.327910	0.519157	4336.000000	8352.000000	1169.000000	3565.000000
0.404895	0.325578	0.535305	6679.000000	12477.000000	2043.000000	6275.000000
0.634618	0.586587	0.691216	9545.000000	13809.000000	2449.000000	4175.000000
