0.385927	0.548174	0.297788	5278.000000	17724.000000	1576.000000	2875.000000
0.330042	0.442274	0.263241	4170.000000	15841.000000	1766.000000	3993.000000
0.745733	0.832364	0.675435	14996.000000	22202.000000	5298.000000	6365.000000
0.514281	0.543484	0.488056	6027.000000	12349.000000	2156.000000	3967.000000
0.634353	0.790876	0.529550	13279.000000	25076.000000	2791.000000	3529.000000
0.775039	0.748750	0.803242	6491.000000	8081.000000	1198.000000	1600.000000
0.608634	0.691185	0.543698	4361.000000	8021.000000	1184.000000	1713.000000
0.451081	0.360845	0.601499	5378.000000	8941.000000	2068.000000	5731.000000
0.573264	0.750904	0.463592	6042.000000	13033.000000	1453.000000	1935.000000
0.403768	0.366065	0.450131	4134.000000	9184.000000	1480.000000	4043.000000
0.642371	0.711278	0.585635	6784.000000	11584.000000	1892.000000	2660.000000
0.320038	0.278761	0.375664	2899.000000	7717.000000	945.000000	3390.000000
0.471012	0.417415	0.540401	6260.000000	11584.000000	1721.000000	4123.000000
0.737746	0.865113	0.643070	11664.000000	18138.000000	3489.000000	4033.000000
0.649837	0.692454	0.612161	10460.000000	17087.000000	2551.000000	3684.000000
0.599087	0.586732	0.611975	9608.000000	15700.000000	2158.000000	3678.000000
0.648275	0.674011	0.624432	10172.000000	16290.000000	2845.000000	4221.000000
0.552738	0.686067	0.462799	9772.000000	21115.000000	3112.000000	4536.000000
0.713901	0.678216	0.753550	9445.000000	12534.000000	3406.000000	5022.000000
0.743794	0.756907	0.731128	9104.000000	12452.000000	3260.000000	4307.000000
0.619573	0.544656	0.718388	5704.000000	7940.000000	2293.000000	4210.000000
0.674589	0.590412	0.786760	7903.000000	10045.000000	3350.000000	5674.000000
0.762935	0.842197	0.697309	11507.000000	16502.000000	3848.000000	4569.000000
0.606225	0.812500	0.483481	9907.000000	20491.000000	2743.000000	3376.000000
0.231117	0.449947	0.155493	1002.000000	6444.000000	427.000000	949.000000
0.685982	0.611268	0.781505	4403.000000	5634.000000	1085.000000	1775.000000
0.576615	0.567687	0.585829	5986.000000	10218.000000	1409.000000	2482.000000
0.606717	0.630038	0.585061	5052.000000	8635.000000	2626.000000	4168.000000
0.752537	0.711991	0.797980	2923.000000	3663.000000	665.000000	934.000000
0.388680	0.448837	0.342742	3157.000000	9211.000000	1351.000000	3010.000000
0.759576	0.779161	0.740952	10646.000000	14368.000000	2692.000000	3455.000000
0.377919	0.473802	0.314312	4489.000000	14282.000000	1700.000000	3588.000000
0.528211	0.711104	0.420150	6443.000000	15335.000000	2267.000000	3188.000000
0.621415	0.530240	0.750456	11509.000000	15336.000000	2674.000000	5043.000000
0.617213	0.691688	0.557217	10323.000000	18526.000000	3520.000000	5089.000000
0.701679	0.767357	0.646357	12189.000000	18858.000000	3559.000000	4638.000000
0.512629	0.394535	0.731622	6897.000000	9427.000000	1906.000000	4831.000000
0.541861	0.507640	0.581029	7124.000000	12261.000000	2691.000000	5301.000000
0.527863	0.662646	0.438642	9383.000000	21391.000000	3131.000000	4725.000000
0.297914	0.197458	0.606430	3282.000000	5412.000000	808.000000	4092.000000
0.773509	0.774852	0.772170	12974.000000	16802.000000	3414.000000	4406.000000
0.574045	0.610036	0.542064	8518.000000	15714.000000	2869.000000	4703.000000
0.704220	0.815935	0.619413	12916.000000	20852.000000	5018.000000	6150.000000
0.683713	0.756953	0.623395	10536.000000	16901.000000	2504.000000	3308.000000
0.600296	0.697442	0.526904	8725.000000	16559.000000	2372.000000	3401.000000
0.774544	0.758388	0.791402	11856.000000	14981.000000	3933.000000	5186.000000
0.354270	0.375466	0.335339	4347.000000	12963.000000	1711.000000	4557.000000
0.571936	0.602086	0.544660	11970.000000	21977.000000	4040.000000	6710.000000
0.662588	0.593491	0.749893	8758.000000	11679.000000	2152.000000	3626.000000
0.240724	0.566733	0.152817	1668.000000	10915.000000	1138.000000	2008.000000
0.662057	0.617143	0.714021	6157.000000	8623.000000	1620.000000	2625.000000
0.657811	0.730193	0.598484	11136.000000	18607.000000	2341.000000	3206.000000
0.419307	0.462093	0.383773	5080.000000	13237.000000	1475.000000	3192.000000
0.444960	0.399599	0.501937	3757.000000	7485.000000	1196.000000	2993.000000
0.609320	0.815211	0.486459	9089.000000	18684.000000	2819.000000	3458.000000
0.260909	0.305145	0.227875	6365.000000	27932.000000	1115.000000	3654.000000
0.614289	0.613595	0.614984	10745.000000	17472.000000	3376.000000	5502.000000
0.677934	0.768245	0.606623	9049.000000	14917.000000	2158.000000	2809.000000
0.424562	0.400803	0.451314	4139.000000	9171.000000	1497.000000	3735.000000
0.424258	0.504777	0.365893	7398.000000	20219.000000	1638.000000	3245.000000
0.681937	0.737364	0.634261	11215.000000	17682.000000	3122.000000	4234.000000
0.709547	0.574541	0.927490	5513.000000	5944.000000	1846.000000	3213.000000
0.399061	0.939962	0.253300	2418.000000	9546.000000	501.000000	533.000000
0.667732	0.725892	0.618200	9511.000000	15385.000000	2725.000000	3754.000000
0.584911	0.656348	0.527498	9486.000000	17983.000000	2523.000000	3844.000000
0.616817	0.591764	0.644084	8889.000000	13801.000000	2673.000000	4517.000000
0.569793	0.839362	0.431282	4773.000000	11067.000000	2158.000000	2571.000000
0.468921	0.592157	0.388144	3588.000000	9244.000000	1208.000000	2040.000000
0.312725	0.313820	0.311637	4290.000000	13766.000000	1560.000000	4971.000000
0.673777	0.645867	0.704208	11330.000000	16089.000000	2422.000000	3750.000000
0.510367	0.387228	0.748340	6649.000000	8885.000000	1813.000000	4682.000000
0.582502	0.643607	0.531993	7541.000000	14175.000000	2512.000000	3903.000000
0.420389	0.432267	0.409147	2970.000000	7259.000000	1270.000000	2938.000000
0.578373	0.669900	0.508850	7532.000000	14802.000000	2141.000000	3196.000000
0.588974	0.556917	0.624948	6052.000000	9684.000000	1864.000000	3347.000000
0.518930	0.670074	0.423422	3019.000000	7130.000000	1180.000000	1761.000000
0.594068	0.574041	0.615544	6851.000000	11130.000000	3233.000000	5632.000000
0.574641	0.652548	0.513353	6382.000000	12432.000000	1972.000000	3022.000000
0.674351	0.803245	0.581102	9920.000000	17071.000000	2772.000000	3451.000000
0.697138	0.662299	0.735847	11165.000000	15173.000000	3538.000000	5342.000000
0.794379	0.927903	0.694448	10632.000000	15310.000000	2381.000000	2566.000000
0.611463	0.545293	0.695911	10399.000000	14943.000000	2757.000000	5056.000000
0.509916	0.558105	0.469388	6210.000000	13230.000000	1897.000000	3399.000000
0.461397	0.672155	0.351258	6284.000000	17890.000000	1878.000000	2794.000000
0.748176	0.703890	0.798408	6919.000000	8666.000000	1954.000000	2776.000000
0.466685	0.656590	0.361987	7104.000000	19625.000000	2411.000000	3672.000000
0.674020	0.870664	0.549836	11921.000000	21681.000000	2309.000000	2652.000000
0.611797	0.786710	0.500516	7277.000000	14539.000000	1468.000000	1866.000000
0.789269	0.791667	0.786886	10981.000000	13955.000000	3382.000000	4272.000000
0.523422	0.650834	0.437729	4302.000000	9828.000000	2535.000000	3895.000000
0.657024	0.727518	0.598985	7909.000000	13204.000000	3778.000000	5193.000000
0.713234	0.821780	0.630018	14675.000000	23293.000000	3841.000000	4674.000000
0.667139	0.719859	0.621614	12758.000000	20524.000000	3266.000000	4537.000000
0.570291	0.466568	0.733313	7251.000000	9888.000000	2533.000000	5429.000000
0.653182	0.643627	0.663025	7465.000000	11259.000000	2449.000000	3805.000000
0.570344	0.729385	0.468244	6849.000000	14627.000000	2574.000000	3529.000000
0.695251	0.688479	0.702159	9595.000000	13665.000000	2946.000000	4279.000000
0.618738	0.788979	0.508925	11148.000000	21905.000000	4453.000000	5644.000000
0.508036	0.430532	0.619570	10682.000000	17241.000000	2572.000000	5974.000000
0.645562	0.717514	0.586726	11271.000000	19210.000000	3937.000000	5487.000000
0.560986	0.691041	0.472130	7098.000000	15034.000000	2098.000000	3036.000000
0.221298	0.523013	0.140339	2795.000000	19916.000000	750.000000	1434.000000
0.885240	0.984908	0.803890	15253.000000	18974.000000	3002.000000	3048.000000
0.713042	0.827600	0.626343	14927.000000	23832.000000	4282.000000	5174.000000
0.445261	0.603383	0.352805	5810.000000	16468.000000	1748.000000	2897.000000
0.585884	0.612225	0.561716	6626.000000	11796.000000	2534.000000	4139.000000
0.803505	0.895546	0.728620	10718.000000	14710.000000	3378.000000	3772.000000
0.702514	0.882386	0.583558	15162.000000	25982.000000	4644.000000	5263.000000
0.732646	0.680791	0.793053	15137.000000	19087.000000	4097.000000	6018.000000
0.617587	0.674655	0.569421	10089.000000	17718.000000	2252.000000	3338.000000
0.462584	0.740602	0.336328	4567.000000	13579.000000	1576.000000	2128.000000
0.553054	0.707710	0.453869	8112.000000	17873.000000	2414.000000	3411.000000
0.777690	0.789102	0.766603	8796.000000	11474.000000	2346.000000	2973.000000
0.631870	0.720220	0.562828	9012.000000	16012.000000	2878.000000	3996.000000
0.611694	0.825525	0.485848	13921.000000	28653.000000	3383.000000	4098.000000
0.801781	0.808435	0.795236	8113.000000	10202.000000	1591.000000	1968.000000
0.350541	0.333569	0.369332	3413.000000	9241.000000	942.000000	2824.000000
0.217525	0.269183	0.182502	1821.000000	9978.000000	649.000000	2411.000000
0.355039	0.335762	0.376665	5937.000000	15762.000000	1521.000000	4530.000000
0.342460	0.218025	0.797789	6494.000000	8140.000000	1437.000000	6591.000000
0.524490	0.485341	0.570508	5312.000000	9311.000000	1672.000000	3445.000000
0.717436	0.793074	0.654970	10807.000000	16500.000000	3687.000000	4649.000000
0.714646	0.768655	0.667729	11103.000000	16628.000000	3492.000000	4543.000000
0.588702	0.459834	0.817925	3760.000000	4597.000000	996.000000	2166.000000
0.374421	0.656592	0.261879	5517.000000	21067.000000	2281.000000	3474.000000
0.607762	0.576138	0.643060	12467.000000	19387.000000	3897.000000	6764.000000
0.663082	0.720659	0.614024	5797.000000	9441.000000	1793.000000	2488.000000
0.402411	0.297473	0.621739	1001.000000	1610.000000	412.000000	1385.000000
0.632473	0.834351	0.509254	10483.000000	20585.000000	3143.000000	3767.000000
0.691941	0.841667	0.587441	12002.000000	20431.000000	3333.000000	3960.000000
0.308996	0.581928	0.210343	3014.000000	14329.000000	966.000000	1660.000000
0.566091	0.695756	0.477164	8776.000000	18392.000000	1754.000000	2521.000000
0.452918	0.638041	0.351061	2548.000000	7258.000000	899.000000	1409.000000
0.529746	0.610380	0.467930	8966.000000	19161.000000	3246.000000	5318.000000
0.621749	0.847122	0.491095	10947.000000	22291.000000	3768.000000	4448.000000
0.271742	0.585845	0.176898	1706.000000	9644.000000	447.000000	763.000000
0.793827	0.756992	0.834430	8366.000000	10026.000000	2084.000000	2753.000000
0.480418	0.532893	0.437351	4782.000000	10934.000000	1612.000000	3025.000000
0.392079	0.326205	0.491290	5669.000000	11539.000000	1556.000000	4770.000000
0.662914	0.736342	0.602803	6925.000000	11488.000000	2480.000000	3368.000000
0.773725	0.814278	0.737020	10462.000000	14195.000000	3148.000000	3866.000000
0.806986	0.830120	0.785106	15297.000000	19484.000000	4823.000000	5810.000000
0.683872	0.598256	0.798084	9498.000000	11901.000000	1921.000000	3211.000000
0.537394	0.750410	0.418575	7549.000000	18035.000000	2748.000000	3662.000000
0.567324	0.761475	0.452063	6837.000000	15124.000000	1941.000000	2549.000000
0.772612	0.800446	0.746649	18048.000000	24172.000000	6458.000000	8068.000000
0.372610	0.641933	0.262485	2607.000000	9932.000000	744.000000	1159.000000
0.740011	0.879373	0.638778	7864.000000	12311.000000	1684.000000	1915.000000
0.186634	0.697402	0.107732	2448.000000	22723.000000	832.000000	1193.000000
0.697753	0.709243	0.686629	8129.000000	11839.000000	3054.000000	4306.000000
0.756736	0.859469	0.675941	17613.000000	26057.000000	5015.000000	5835.000000
0.476154	0.640461	0.378940	5074.000000	13390.000000	1833.000000	2862.000000
0.503799	0.710353	0.390307	7949.000000	20366.000000	3458.000000	4868.000000
0.671425	0.672550	0.670304	11304.000000	16864.000000	2972.000000	4419.000000
0.758409	0.794899	0.725122	16519.000000	22781.000000	3709.000000	4666.000000
0.530061	0.865510	0.382006	9706.000000	25408.000000	2394.000000	2766.000000
0.643947	0.580457	0.723033	16355.000000	22620.000000	5566.000000	9589.000000
0.338015	0.482774	0.260042	4318.000000	16605.000000	2172.000000	4499.000000
0.648650	0.758264	0.566725	6816.000000	12027.000000	1904.000000	2511.000000
0.587497	0.857587	0.446786	13631.000000	30509.000000	3866.000000	4508.000000
0.422706	0.575457	0.334037	4587.000000	13732.000000	1510.000000	2624.000000
0.762901	0.781428	0.745233	11022.000000	14790.000000	3711.000000	4749.000000
0.661264	0.883229	0.528457	13705.000000	25934.000000	4508.000000	5104.000000
0.824630	0.776904	0.878604	9691.000000	11030.000000	2765.000000	3559.000000
0.620192	0.591888	0.651340	7508.000000	11527.000000	2612.000000	4413.000000
0.592275	0.553349	0.637092	7877.000000	12364.000000	2090.000000	3777.000000
0.748824	0.660654	0.864152	10884.000000	12595.000000	2344.000000	3548.000000
0.607412	0.525461	0.719649	5501.000000	7644.000000	1424.000000	2710.000000
0.593122	0.791427	0.474283	7543.000000	15904.000000	3028.000000	3826.000000
0.251523	0.500417	0.167976	2245.000000	13365.000000	600.000000	1199.000000
0.718159	0.731167	0.705606	9163.000000	12986.000000	2902.000000	3969.000000
0.613427	0.671849	0.564352	7656.000000	13566.000000	1642.000000	2444.000000
0.567743	0.604488	0.535209	7532.000000	14073.000000	2236.000000	3699.000000
0.693134	0.917329	0.557003	8037.000000	14429.000000	2308.000000	2516.000000
0.686684	0.849272	0.576345	10935.000000	18973.000000	2975.000000	3503.000000
0.633959	0.784159	0.532049	11189.000000	21030.000000	4178.000000	5328.000000
0.665726	0.687968	0.644876	11384.000000	17653.000000	3122.000000	4538.000000
0.700238	0.742401	0.662607	3101.000000	4680.000000	977.000000	1316.000000
0.447630	0.319557	0.747025	5649.000000	7562.000000	1500.000000	4694.000000
0.507757	0.454358	0.575380	10797.000000	18765.000000	2648.000000	5828.000000
0.764448	0.829748	0.708675	12956.000000	18282.000000	4089.000000	4928.000000
0.669375	0.647598	0.692667	25655.000000	37038.000000	4800.000000	7412.000000
0.732292	0.792569	0.680535	16831.000000	24732.000000	4757.000000	6002.000000
0.273105	0.322959	0.236584	4532.000000	19156.000000	1100.000000	3406.000000
0.520821	0.573292	0.477150	5826.000000	12210.000000	1670.000000	2913.000000
0.710486	0.711365	0.709609	5701.000000	8034.000000	1809.000000	2543.000000
0.522911	0.666828	0.430088	8508.000000	19782.000000	2764.000000	4145.000000
0.790571	0.782388	0.798927	13251.000000	16586.000000	3545.000000	4531.000000
0.662015	0.896394	0.524796	6508.000000	12401.000000	1765.000000	1969.000000
0.727604	0.743650	0.712236	12759.000000	17914.000000	3806.000000	5118.000000
0.619007	0.627302	0.610928	15184.000000	24854.000000	4292.000000	6842.000000
0.726890	0.874627	0.621851	2271.000000	3652.000000	586.000000	670.000000
0.682612	0.937500	0.536695	10048.000000	18722.000000	3120.000000	3328.000000
0.478576	0.568737	0.413089	8805.000000	21315.000000	3653.000000	6423.000000
0.186447	0.225429	0.158958	1935.000000	12173.000000	945.000000	4192.000000
0.793226	0.770260	0.817604	10032.000000	12270.000000	2937.000000	3813.000000
0.426705	0.611789	0.327597	3179.000000	9704.000000	1204.000000	1968.000000
0.412748	0.315342	0.597222	4988.000000	8352.000000	1373.000000	4354.000000
0.398080	0.301261	0.586599	7319.000000	12477.000000	2245.000000	7452.000000
0.633350	0.578255	0.700051	9667.000000	13809.000000	2505.000000	4332.000000
