0.466455	0.906349	0.314037	5566.000000	17724.000000	1142.000000	1260.000000
0.227815	0.518033	0.146014	2313.000000	15841.000000	632.000000	1220.000000
0.239134	0.670260	0.145527	3231.000000	22202.000000	1057.000000	1577.000000
0.426419	0.838280	0.285934	3531.000000	12349.000000	819.000000	977.000000
0.268398	0.807399	0.160951	4036.000000	25076.000000	742.000000	919.000000
0.573685	0.648980	0.514045	4154.000000	8081.000000	795.000000	1225.000000
0.415682	0.561075	0.330133	2648.000000	8021.000000	689.000000	1228.000000
0.295578	0.482400	0.213063	1905.000000	8941.000000	603.000000	1250.000000
0.426552	0.811258	0.289342	3771.000000	13033.000000	735.000000	906.000000
0.108986	0.201481	0.074695	686.000000	9184.000000	272.000000	1350.000000
0.188344	0.356164	0.128021	1483.000000	11584.000000	416.000000	1168.000000
0.280760	0.279175	0.282364	2179.000000	7717.000000	555.000000	1988.000000
0.189834	0.320092	0.134927	1563.000000	11584.000000	419.000000	1309.000000
0.155992	0.937984	0.085070	1543.000000	18138.000000	605.000000	645.000000
0.530459	0.749322	0.410546	7015.000000	17087.000000	1381.000000	1843.000000
0.548050	0.737105	0.436178	6848.000000	15700.000000	1329.000000	1803.000000
0.371572	0.639033	0.261940	4267.000000	16290.000000	1110.000000	1737.000000
0.331693	0.637960	0.224106	4732.000000	21115.000000	1526.000000	2392.000000
0.548757	0.930597	0.389102	4877.000000	12534.000000	1247.000000	1340.000000
0.479944	0.685393	0.369258	4598.000000	12452.000000	1708.000000	2492.000000
0.246443	0.358401	0.187783	1491.000000	7940.000000	529.000000	1476.000000
0.576843	0.746341	0.470085	4722.000000	10045.000000	1377.000000	1845.000000
0.631599	0.841648	0.505454	8341.000000	16502.000000	2227.000000	2646.000000
0.290270	0.721371	0.181690	3723.000000	20491.000000	989.000000	1371.000000
0.258466	0.487710	0.175822	1133.000000	6444.000000	377.000000	773.000000
0.177699	0.199370	0.160277	903.000000	5634.000000	253.000000	1269.000000
0.272718	0.407125	0.205030	2095.000000	10218.000000	640.000000	1572.000000
0.430871	0.874906	0.285814	2468.000000	8635.000000	1168.000000	1335.000000
0.723519	0.611712	0.885340	3243.000000	3663.000000	679.000000	1110.000000
0.216277	0.517787	0.136684	1259.000000	9211.000000	524.000000	1012.000000
0.404777	0.974648	0.255429	3670.000000	14368.000000	692.000000	710.000000
0.240279	0.744493	0.143257	2046.000000	14282.000000	676.000000	908.000000
0.254011	0.660827	0.157222	2411.000000	15335.000000	943.000000	1427.000000
0.443460	0.783333	0.309272	4743.000000	15336.000000	846.000000	1080.000000
0.410727	0.775486	0.279337	5175.000000	18526.000000	1316.000000	1697.000000
0.205032	0.763676	0.118411	2233.000000	18858.000000	698.000000	914.000000
0.390278	0.706914	0.269545	2541.000000	9427.000000	685.000000	969.000000
0.363020	0.493799	0.287008	3519.000000	12261.000000	1075.000000	2177.000000
0.335411	0.756032	0.215511	4610.000000	21391.000000	1410.000000	1865.000000
0.378823	0.362170	0.397081	2149.000000	5412.000000	494.000000	1364.000000
0.484019	0.765797	0.353827	5945.000000	16802.000000	1321.000000	1725.000000
0.415165	0.697171	0.295596	4645.000000	15714.000000	1257.000000	1803.000000
0.346237	0.848621	0.217485	4535.000000	20852.000000	1323.000000	1559.000000
0.482243	0.862319	0.334714	5657.000000	16901.000000	1190.000000	1380.000000
0.412544	0.762643	0.282747	4682.000000	16559.000000	1131.000000	1483.000000
0.639571	0.923815	0.489086	7327.000000	14981.000000	1734.000000	1877.000000
0.276692	0.396895	0.212374	2753.000000	12963.000000	818.000000	2061.000000
0.170876	0.599085	0.099650	2190.000000	21977.000000	786.000000	1312.000000
0.415602	0.574816	0.325456	3801.000000	11679.000000	703.000000	1223.000000
0.331705	0.662346	0.221255	2415.000000	10915.000000	1073.000000	1620.000000
0.463818	0.769136	0.332019	2863.000000	8623.000000	623.000000	810.000000
0.534444	0.769978	0.409255	7615.000000	18607.000000	1426.000000	1852.000000
0.221372	0.452926	0.146483	1939.000000	13237.000000	534.000000	1179.000000
0.075200	0.167334	0.048497	363.000000	7485.000000	209.000000	1249.000000
0.212966	0.642183	0.127649	2385.000000	18684.000000	612.000000	953.000000
0.336238	0.480769	0.258521	7221.000000	27932.000000	1150.000000	2392.000000
0.350124	0.705052	0.232887	4069.000000	17472.000000	1298.000000	1841.000000
0.640281	0.964821	0.479118	7147.000000	14917.000000	1673.000000	1734.000000
0.254428	0.399378	0.186675	1712.000000	9171.000000	514.000000	1287.000000
0.242337	0.548848	0.155497	3144.000000	20219.000000	691.000000	1259.000000
0.466858	0.917471	0.313087	5536.000000	17682.000000	1045.000000	1139.000000
0.694308	0.720733	0.669751	3981.000000	5944.000000	1022.000000	1418.000000
0.375751	0.635030	0.266813	2547.000000	9546.000000	736.000000	1159.000000
0.473912	0.838752	0.330257	5081.000000	15385.000000	1290.000000	1538.000000
0.356258	0.579761	0.257132	4624.000000	17983.000000	825.000000	1423.000000
0.482936	0.795471	0.346714	4785.000000	13801.000000	1089.000000	1369.000000
0.580070	0.907718	0.426222	4717.000000	11067.000000	1082.000000	1192.000000
0.355900	0.461588	0.289593	2677.000000	9244.000000	721.000000	1562.000000
0.164210	0.309140	0.111797	1539.000000	13766.000000	460.000000	1488.000000
0.505652	0.780147	0.374044	6018.000000	16089.000000	1061.000000	1360.000000
0.285639	0.405074	0.220597	1960.000000	8885.000000	495.000000	1222.000000
0.399264	0.808893	0.265044	3757.000000	14175.000000	855.000000	1057.000000
0.380466	0.516518	0.301143	2186.000000	7259.000000	813.000000	1574.000000
0.397384	0.896885	0.255236	3778.000000	14802.000000	835.000000	931.000000
0.433749	0.706224	0.312990	3031.000000	9684.000000	851.000000	1205.000000
0.401071	0.612396	0.298177	2126.000000	7130.000000	662.000000	1081.000000
0.300735	0.786802	0.185894	2069.000000	11130.000000	930.000000	1182.000000
0.598162	0.887203	0.451174	5609.000000	12432.000000	1345.000000	1516.000000
0.272358	0.643285	0.172749	2949.000000	17071.000000	752.000000	1169.000000
0.507777	0.744444	0.385290	5846.000000	15173.000000	1474.000000	1980.000000
0.392926	0.450391	0.348465	5335.000000	15310.000000	1094.000000	2429.000000
0.349481	0.589588	0.248344	3711.000000	14943.000000	974.000000	1652.000000
0.267782	0.536133	0.178458	2361.000000	13230.000000	549.000000	1024.000000
0.473916	0.831404	0.331414	5929.000000	17890.000000	1652.000000	1987.000000
0.449991	0.716707	0.327948	2842.000000	8666.000000	592.000000	826.000000
0.369268	0.731857	0.246930	4846.000000	19625.000000	1553.000000	2122.000000
0.448913	0.906912	0.298280	6467.000000	21681.000000	984.000000	1085.000000
0.491750	0.894915	0.339019	4929.000000	14539.000000	1056.000000	1180.000000
0.407577	0.915652	0.262128	3658.000000	13955.000000	1053.000000	1150.000000
0.308793	0.683735	0.199430	1960.000000	9828.000000	1135.000000	1660.000000
0.362296	0.813570	0.233035	3077.000000	13204.000000	1331.000000	1636.000000
0.475605	0.801474	0.338127	7876.000000	23293.000000	1522.000000	1899.000000
0.415790	0.911257	0.269343	5528.000000	20524.000000	1109.000000	1217.000000
0.251779	0.414373	0.180825	1788.000000	9888.000000	542.000000	1308.000000
0.465663	0.693983	0.350386	3945.000000	11259.000000	1211.000000	1745.000000
0.445931	0.895212	0.296917	4343.000000	14627.000000	991.000000	1107.000000
0.591417	0.776919	0.477424	6524.000000	13665.000000	1508.000000	1941.000000
0.286610	0.923077	0.169642	3716.000000	21905.000000	1152.000000	1248.000000
0.366733	0.694752	0.249115	4295.000000	17241.000000	940.000000	1353.000000
0.358750	0.729666	0.237845	4569.000000	19210.000000	1247.000000	1709.000000
0.502090	0.798479	0.366170	5505.000000	15034.000000	1470.000000	1841.000000
0.220660	0.498425	0.141695	2822.000000	19916.000000	633.000000	1270.000000
0.804932	0.984920	0.680563	12913.000000	18974.000000	2286.000000	2321.000000
0.250438	0.800000	0.148456	3538.000000	23832.000000	912.000000	1140.000000
0.266680	0.616368	0.170148	2802.000000	16468.000000	723.000000	1173.000000
0.379240	0.637852	0.269837	3183.000000	11796.000000	1247.000000	1955.000000
0.545433	0.914634	0.388579	5716.000000	14710.000000	1275.000000	1394.000000
0.402054	0.931240	0.256370	6661.000000	25982.000000	1720.000000	1847.000000
0.391640	0.741043	0.266150	5080.000000	19087.000000	1179.000000	1591.000000
0.519316	0.793341	0.385992	6839.000000	17718.000000	1382.000000	1742.000000
0.400188	0.792379	0.267693	3635.000000	13579.000000	1019.000000	1286.000000
0.349162	0.783425	0.224641	4015.000000	17873.000000	1002.000000	1279.000000
0.591475	0.784615	0.474638	5446.000000	11474.000000	1326.000000	1690.000000
0.201744	0.576102	0.122283	1958.000000	16012.000000	405.000000	703.000000
0.427743	0.919289	0.278714	7986.000000	28653.000000	1811.000000	1970.000000
0.673439	0.831293	0.565967	5774.000000	10202.000000	1222.000000	1470.000000
0.196264	0.254210	0.159831	1477.000000	9241.000000	468.000000	1841.000000
0.141921	0.275238	0.095610	954.000000	9978.000000	289.000000	1050.000000
0.234000	0.387097	0.167682	2643.000000	15762.000000	600.000000	1550.000000
0.309479	0.280615	0.344963	2808.000000	8140.000000	566.000000	2017.000000
0.445025	0.670445	0.333047	3101.000000	9311.000000	769.000000	1147.000000
0.306727	0.946179	0.183030	3020.000000	16500.000000	879.000000	929.000000
0.439378	0.878571	0.292940	4871.000000	16628.000000	1353.000000	1540.000000
0.526498	0.609959	0.463128	2129.000000	4597.000000	441.000000	723.000000
0.263594	0.724483	0.161105	3394.000000	21067.000000	1015.000000	1401.000000
0.401297	0.757750	0.272915	5291.000000	19387.000000	1711.000000	2258.000000
0.648698	0.874661	0.515517	4867.000000	9441.000000	1291.000000	1476.000000
0.317980	0.266932	0.393168	633.000000	1610.000000	268.000000	1004.000000
0.355535	0.876751	0.222978	4590.000000	20585.000000	1252.000000	1428.000000
0.457996	0.979096	0.298909	6107.000000	20431.000000	1452.000000	1483.000000
0.232889	0.670823	0.140903	2019.000000	14329.000000	538.000000	802.000000
0.313004	0.625445	0.208732	3839.000000	18392.000000	703.000000	1124.000000
0.475321	0.744989	0.348994	2533.000000	7258.000000	669.000000	898.000000
0.340205	0.749035	0.220082	4217.000000	19161.000000	1358.000000	1813.000000
0.309842	0.907746	0.186802	4164.000000	22291.000000	1043.000000	1149.000000
0.400873	0.507205	0.331398	3196.000000	9644.000000	880.000000	1735.000000
0.471675	0.533804	0.422501	4236.000000	10026.000000	908.000000	1701.000000
0.392576	0.549769	0.305286	3338.000000	10934.000000	834.000000	1517.000000
0.264906	0.471758	0.184158	2125.000000	11539.000000	593.000000	1257.000000
0.481189	0.949504	0.322249	3702.000000	11488.000000	1053.000000	1109.000000
0.617315	0.917109	0.465234	6604.000000	14195.000000	1726.000000	1882.000000
0.544346	0.852530	0.399815	7790.000000	19484.000000	1769.000000	2075.000000
0.447959	0.566627	0.370389	4408.000000	11901.000000	961.000000	1696.000000
0.283865	0.926214	0.167619	3023.000000	18035.000000	954.000000	1030.000000
0.454186	0.788845	0.318897	4823.000000	15124.000000	1386.000000	1757.000000
0.446070	0.889276	0.297700	7196.000000	24172.000000	2297.000000	2583.000000
0.264166	0.485590	0.181434	1802.000000	9932.000000	556.000000	1145.000000
0.549799	0.805698	0.417269	5137.000000	12311.000000	1103.000000	1369.000000
0.168607	0.519155	0.100647	2287.000000	22723.000000	786.000000	1514.000000
0.449170	0.698452	0.331025	3919.000000	11839.000000	1128.000000	1615.000000
0.267498	0.785761	0.161185	4200.000000	26057.000000	1214.000000	1545.000000
0.449134	0.867647	0.302987	4057.000000	13390.000000	1003.000000	1156.000000
0.290437	0.722892	0.181724	3701.000000	20366.000000	1440.000000	1992.000000
0.422077	0.809962	0.285401	4813.000000	16864.000000	1057.000000	1305.000000
0.290790	0.686038	0.184496	4203.000000	22781.000000	909.000000	1325.000000
0.420655	0.826893	0.282077	7167.000000	25408.000000	1562.000000	1889.000000
0.359832	0.817005	0.230725	5219.000000	22620.000000	1451.000000	1776.000000
0.262608	0.602399	0.167901	2788.000000	16605.000000	703.000000	1167.000000
0.451581	0.742167	0.324520	3903.000000	12027.000000	829.000000	1117.000000
0.416733	0.860896	0.274902	8387.000000	30509.000000	1999.000000	2322.000000
0.348116	0.600390	0.245121	3366.000000	13732.000000	924.000000	1539.000000
0.494382	0.856967	0.347397	5138.000000	14790.000000	1390.000000	1622.000000
0.281149	0.863049	0.167926	4355.000000	25934.000000	1002.000000	1161.000000
0.584060	0.958733	0.419946	4632.000000	11030.000000	999.000000	1042.000000
0.379887	0.704947	0.259998	2997.000000	11527.000000	798.000000	1132.000000
0.259873	0.453344	0.182142	2252.000000	12364.000000	583.000000	1286.000000
0.381069	0.565257	0.287416	3620.000000	12595.000000	628.000000	1111.000000
0.246367	0.399098	0.178179	1362.000000	7644.000000	354.000000	887.000000
0.281208	0.731793	0.174044	2768.000000	15904.000000	1045.000000	1428.000000
0.261922	0.591516	0.168201	2248.000000	13365.000000	753.000000	1273.000000
0.355969	0.895054	0.222162	2885.000000	12986.000000	742.000000	829.000000
0.343809	0.554455	0.249152	3380.000000	13566.000000	896.000000	1616.000000
0.433274	0.617340	0.333760	4697.000000	14073.000000	1360.000000	2203.000000
0.531922	1.000000	0.362326	5228.000000	14429.000000	972.000000	972.000000
0.550960	0.945388	0.388763	7376.000000	18973.000000	1558.000000	1648.000000
0.339492	0.880757	0.210271	4422.000000	21030.000000	1071.000000	1216.000000
0.173980	0.350279	0.115731	2043.000000	17653.000000	503.000000	1436.000000
0.567845	0.784111	0.445085	2083.000000	4680.000000	454.000000	579.000000
0.274059	0.295188	0.255752	1934.000000	7562.000000	503.000000	1704.000000
0.341195	0.588850	0.240181	4507.000000	18765.000000	845.000000	1435.000000
0.417075	0.939597	0.268023	4900.000000	18282.000000	1120.000000	1192.000000
0.497344	0.826070	0.355770	13177.000000	37038.000000	2104.000000	2547.000000
0.389711	0.721273	0.266982	6603.000000	24732.000000	1519.000000	2106.000000
0.238584	0.471108	0.159741	3060.000000	19156.000000	587.000000	1246.000000
0.357686	0.591090	0.256429	3131.000000	12210.000000	743.000000	1257.000000
0.173108	0.508557	0.104307	838.000000	8034.000000	416.000000	818.000000
0.279817	0.675234	0.176474	3491.000000	19782.000000	1156.000000	1712.000000
0.549748	0.975776	0.382672	6347.000000	16586.000000	1289.000000	1321.000000
0.400716	0.825476	0.264575	3281.000000	12401.000000	823.000000	997.000000
0.579612	0.903805	0.426594	7642.000000	17914.000000	1710.000000	1892.000000
0.380365	0.690936	0.262412	6522.000000	24854.000000	1395.000000	2019.000000
0.389073	0.441092	0.348028	1271.000000	3652.000000	307.000000	696.000000
0.381477	0.861148	0.245006	4587.000000	18722.000000	1290.000000	1498.000000
0.214345	0.588519	0.131034	2793.000000	21315.000000	1097.000000	1864.000000
0.183111	0.337137	0.125688	1530.000000	12173.000000	650.000000	1928.000000
0.470995	0.758364	0.341565	4191.000000	12270.000000	1020.000000	1345.000000
0.330494	0.598619	0.228256	2215.000000	9704.000000	780.000000	1303.000000
0.470178	0.498173	0.445163	3718.000000	8352.000000	818.000000	1642.000000
0.355971	0.531439	0.267612	3339.000000	12477.000000	879.000000	1654.000000
0.628582	0.931234	0.474401	6551.000000	13809.000000	1449.000000	1556.000000
