0.603147	0.555666	0.659501	11689.000000	17724.000000	2790.000000	5021.000000
0.616585	0.693619	0.554952	8791.000000	15841.000000	3174.000000	4576.000000
0.688309	0.752863	0.633952	14075.000000	22202.000000	4734.000000	6288.000000
0.635325	0.535662	0.780549	9639.000000	12349.000000	2576.000000	4809.000000
0.532009	0.606132	0.474039	11887.000000	25076.000000	2847.000000	4697.000000
0.455729	0.312057	0.844574	6825.000000	8081.000000	1320.000000	4230.000000
0.546117	0.436381	0.729585	5852.000000	8021.000000	1780.000000	4079.000000
0.461488	0.350929	0.673750	6024.000000	8941.000000	1775.000000	5058.000000
0.585575	0.527944	0.657331	8567.000000	13033.000000	2031.000000	3847.000000
0.455296	0.363583	0.608885	5592.000000	9184.000000	1851.000000	5091.000000
0.432880	0.394787	0.479109	5550.000000	11584.000000	1848.000000	4681.000000
0.405193	0.282916	0.713619	5507.000000	7717.000000	1459.000000	5157.000000
0.541108	0.434347	0.717455	8311.000000	11584.000000	2170.000000	4996.000000
0.759020	0.863960	0.676811	12276.000000	18138.000000	4001.000000	4631.000000
0.727223	0.655528	0.816527	13952.000000	17087.000000	3119.000000	4758.000000
0.710178	0.599027	0.871975	13690.000000	15700.000000	2831.000000	4726.000000
0.605532	0.539944	0.689257	11228.000000	16290.000000	2886.000000	5345.000000
0.717586	0.761006	0.678854	14334.000000	21115.000000	4235.000000	5565.000000
0.795310	0.743323	0.855114	10718.000000	12534.000000	3507.000000	4718.000000
0.691046	0.657994	0.727594	9060.000000	12452.000000	3313.000000	5035.000000
0.599117	0.495487	0.757557	6015.000000	7940.000000	2196.000000	4432.000000
0.607711	0.528592	0.714684	7179.000000	10045.000000	2579.000000	4879.000000
0.757898	0.805882	0.715307	11804.000000	16502.000000	3973.000000	4930.000000
0.720353	0.797055	0.657118	13465.000000	20491.000000	4438.000000	5568.000000
0.376486	0.275466	0.594507	3831.000000	6444.000000	1344.000000	4879.000000
0.346381	0.225947	0.741747	4179.000000	5634.000000	1092.000000	4833.000000
0.539785	0.416864	0.765512	7822.000000	10218.000000	2294.000000	5503.000000
0.727356	0.729069	0.725651	6266.000000	8635.000000	3100.000000	4252.000000
0.383100	0.236981	0.999181	3660.000000	3663.000000	901.000000	3802.000000
0.525067	0.461373	0.609163	5611.000000	9211.000000	2365.000000	5126.000000
0.655826	0.564413	0.782572	11244.000000	14368.000000	2747.000000	4867.000000
0.625542	0.615119	0.636325	9088.000000	14282.000000	2848.000000	4630.000000
0.751133	0.757677	0.744702	11420.000000	15335.000000	3874.000000	5113.000000
0.557273	0.456564	0.714984	10965.000000	15336.000000	2139.000000	4685.000000
0.720816	0.793989	0.659991	12227.000000	18526.000000	4359.000000	5490.000000
0.735688	0.721249	0.750716	14157.000000	18858.000000	3995.000000	5539.000000
0.553444	0.455344	0.705421	6650.000000	9427.000000	1917.000000	4210.000000
0.577226	0.515152	0.656309	8047.000000	12261.000000	3043.000000	5907.000000
0.662506	0.770954	0.580805	12424.000000	21391.000000	3854.000000	4999.000000
0.336477	0.207582	0.887657	4804.000000	5412.000000	1369.000000	6595.000000
0.743336	0.693702	0.800619	13452.000000	16802.000000	3062.000000	4414.000000
0.677821	0.690242	0.665839	10463.000000	15714.000000	3084.000000	4468.000000
0.695648	0.857855	0.585028	12199.000000	20852.000000	4303.000000	5016.000000
0.653560	0.611801	0.701438	11855.000000	16901.000000	2758.000000	4508.000000
0.727672	0.727946	0.727399	12045.000000	16559.000000	3243.000000	4455.000000
0.827713	0.773933	0.889527	13326.000000	14981.000000	4115.000000	5317.000000
0.514368	0.461424	0.581038	7532.000000	12963.000000	2470.000000	5353.000000
0.508452	0.581439	0.451745	9928.000000	21977.000000	3070.000000	5280.000000
0.516457	0.403356	0.717698	8382.000000	11679.000000	2043.000000	5065.000000
0.487562	0.461959	0.516170	5634.000000	10915.000000	2368.000000	5126.000000
0.585300	0.441980	0.866172	7469.000000	8623.000000	1893.000000	4283.000000
0.698862	0.621062	0.798947	14866.000000	18607.000000	2819.000000	4539.000000
0.584556	0.519202	0.668732	8852.000000	13237.000000	2393.000000	4609.000000
0.316804	0.236971	0.477756	3576.000000	7485.000000	1455.000000	6140.000000
0.734936	0.722603	0.747699	13970.000000	18684.000000	3587.000000	4964.000000
0.469658	0.428853	0.519046	14498.000000	27932.000000	2396.000000	5587.000000
0.669126	0.672710	0.665579	11629.000000	17472.000000	3562.000000	5295.000000
0.799583	0.834132	0.767782	11453.000000	14917.000000	3480.000000	4172.000000
0.435636	0.351724	0.572130	5247.000000	9171.000000	1734.000000	4930.000000
0.566862	0.567476	0.566250	11449.000000	20219.000000	2666.000000	4698.000000
0.724956	0.720249	0.729725	12903.000000	17682.000000	3123.000000	4336.000000
0.527278	0.362810	0.964502	5733.000000	5944.000000	1637.000000	4512.000000
0.350815	0.231229	0.726587	6936.000000	9546.000000	2051.000000	8870.000000
0.632172	0.602701	0.664673	10226.000000	15385.000000	2767.000000	4591.000000
0.685348	0.628393	0.753656	13553.000000	17983.000000	3426.000000	5452.000000
0.625280	0.556212	0.713934	9853.000000	13801.000000	2637.000000	4741.000000
0.689411	0.666447	0.714015	7902.000000	11067.000000	3031.000000	4548.000000
0.545014	0.435564	0.727932	6729.000000	9244.000000	2109.000000	4842.000000
0.463820	0.411413	0.531527	7317.000000	13766.000000	2271.000000	5520.000000
0.686585	0.585983	0.828889	13336.000000	16089.000000	2617.000000	4466.000000
0.408594	0.300348	0.638829	5676.000000	8885.000000	1554.000000	5174.000000
0.752350	0.693423	0.822222	11655.000000	14175.000000	3395.000000	4896.000000
0.535970	0.437149	0.692520	5027.000000	7259.000000	2177.000000	4980.000000
0.663645	0.630463	0.700513	10369.000000	14802.000000	2885.000000	4576.000000
0.562626	0.448760	0.753924	7301.000000	9684.000000	2207.000000	4918.000000
0.539361	0.429520	0.724684	5167.000000	7130.000000	1941.000000	4519.000000
0.714497	0.681573	0.750764	8356.000000	11130.000000	3658.000000	5367.000000
0.672761	0.624809	0.728684	9059.000000	12432.000000	2866.000000	4587.000000
0.603965	0.638154	0.573253	9786.000000	17071.000000	2917.000000	4571.000000
0.669180	0.613453	0.736044	11168.000000	15173.000000	2736.000000	4460.000000
0.264073	0.157506	0.816525	12501.000000	15310.000000	2602.000000	16520.000000
0.463036	0.408821	0.533829	7977.000000	14943.000000	2067.000000	5056.000000
0.537927	0.496103	0.587453	7772.000000	13230.000000	2164.000000	4362.000000
0.656314	0.653623	0.659027	11790.000000	17890.000000	3374.000000	5162.000000
0.579970	0.438737	0.855297	7412.000000	8666.000000	1751.000000	3991.000000
0.712868	0.786234	0.652025	12796.000000	19625.000000	4215.000000	5361.000000
0.565604	0.543568	0.589502	12781.000000	21681.000000	2096.000000	3856.000000
0.665297	0.594133	0.755829	10989.000000	14539.000000	2471.000000	4159.000000
0.771423	0.777998	0.764959	10675.000000	13955.000000	3147.000000	4045.000000
0.657848	0.631228	0.686813	6750.000000	9828.000000	3218.000000	5098.000000
0.694471	0.759883	0.639427	8443.000000	13204.000000	3902.000000	5135.000000
0.657352	0.716924	0.606921	14137.000000	23293.000000	3300.000000	4603.000000
0.712709	0.722863	0.702836	14425.000000	20524.000000	3383.000000	4680.000000
0.557049	0.421957	0.819377	8102.000000	9888.000000	2333.000000	5529.000000
0.693795	0.579804	0.863576	9723.000000	11259.000000	3135.000000	5407.000000
0.694158	0.658927	0.733370	10727.000000	14627.000000	3292.000000	4996.000000
0.733904	0.665438	0.818075	11179.000000	13665.000000	2888.000000	4340.000000
0.756914	0.874976	0.666925	14609.000000	21905.000000	4465.000000	5103.000000
0.610269	0.502433	0.777043	13397.000000	17241.000000	3097.000000	6164.000000
0.727135	0.722828	0.731494	14052.000000	19210.000000	4243.000000	5870.000000
0.733419	0.692167	0.779899	11725.000000	15034.000000	3402.000000	4915.000000
0.532152	0.520456	0.544386	10842.000000	19916.000000	2557.000000	4913.000000
0.827631	0.735411	0.946295	17955.000000	18974.000000	3516.000000	4781.000000
0.761935	0.800188	0.727174	17330.000000	23832.000000	4265.000000	5330.000000
0.563541	0.558319	0.568861	9368.000000	16468.000000	2671.000000	4784.000000
0.718105	0.678625	0.762462	8994.000000	11796.000000	3594.000000	5296.000000
0.772497	0.758694	0.786812	11574.000000	14710.000000	3229.000000	4256.000000
0.764207	0.905613	0.660996	17174.000000	25982.000000	4711.000000	5202.000000
0.716170	0.699655	0.733484	14000.000000	19087.000000	3443.000000	4921.000000
0.707189	0.645807	0.781465	13846.000000	17718.000000	3034.000000	4698.000000
0.636843	0.654462	0.620149	8421.000000	13579.000000	2985.000000	4561.000000
0.581830	0.571681	0.592346	10587.000000	17873.000000	2592.000000	4534.000000
0.656903	0.581102	0.755447	8668.000000	11474.000000	2300.000000	3958.000000
0.576223	0.536929	0.621721	9955.000000	16012.000000	3046.000000	5673.000000
0.803595	0.892217	0.730988	20945.000000	28653.000000	4826.000000	5409.000000
0.670102	0.512893	0.966281	9858.000000	10202.000000	2009.000000	3917.000000
0.458255	0.324373	0.780327	7211.000000	9241.000000	1967.000000	6064.000000
0.479489	0.395852	0.607937	6066.000000	9978.000000	2214.000000	5593.000000
0.476839	0.431141	0.533371	8407.000000	15762.000000	2229.000000	5170.000000
0.321633	0.204133	0.757862	6169.000000	8140.000000	1304.000000	6388.000000
0.477641	0.363267	0.697132	6491.000000	9311.000000	1877.000000	5167.000000
0.730241	0.778941	0.687273	11340.000000	16500.000000	3869.000000	4967.000000
0.717355	0.728848	0.706218	11743.000000	16628.000000	3575.000000	4905.000000
0.381444	0.239455	0.937133	4308.000000	4597.000000	1107.000000	4623.000000
0.595721	0.720158	0.507951	10701.000000	21067.000000	3644.000000	5060.000000
0.714462	0.701118	0.728323	14120.000000	19387.000000	4077.000000	5815.000000
0.621114	0.494877	0.833810	7872.000000	9441.000000	2125.000000	4294.000000
0.209999	0.124231	0.678261	1092.000000	1610.000000	505.000000	4065.000000
0.672233	0.777315	0.592179	12190.000000	20585.000000	3543.000000	4558.000000
0.752133	0.852595	0.672850	13747.000000	20431.000000	3482.000000	4084.000000
0.553537	0.479609	0.654407	9377.000000	14329.000000	2505.000000	5223.000000
0.607091	0.520328	0.728578	13400.000000	18392.000000	2598.000000	4993.000000
0.479148	0.371982	0.673050	4885.000000	7258.000000	1633.000000	4390.000000
0.668371	0.655797	0.681436	13057.000000	19161.000000	4203.000000	6409.000000
0.751215	0.795347	0.711722	15865.000000	22291.000000	4205.000000	5287.000000
0.580576	0.473262	0.750830	7241.000000	9644.000000	2416.000000	5105.000000
0.615295	0.462866	0.917415	9198.000000	10026.000000	2038.000000	4403.000000
0.463675	0.352808	0.676148	7393.000000	10934.000000	2180.000000	6179.000000
0.505927	0.400698	0.686108	7917.000000	11539.000000	2181.000000	5443.000000
0.733785	0.655878	0.832695	9566.000000	11488.000000	3141.000000	4789.000000
0.737826	0.696949	0.783797	11126.000000	14195.000000	2992.000000	4293.000000
0.777628	0.802432	0.754311	14697.000000	19484.000000	4025.000000	5016.000000
0.568786	0.424697	0.860852	10245.000000	11901.000000	2208.000000	5199.000000
0.653353	0.701677	0.611256	11024.000000	18035.000000	3514.000000	5008.000000
0.710854	0.757611	0.669532	10126.000000	15124.000000	3235.000000	4270.000000
0.756327	0.809343	0.709830	17158.000000	24172.000000	4903.000000	6058.000000
0.561150	0.479963	0.675393	6708.000000	9932.000000	2096.000000	4367.000000
0.578422	0.456632	0.788807	9711.000000	12311.000000	2069.000000	4531.000000
0.452283	0.540177	0.388989	8839.000000	22723.000000	2447.000000	4530.000000
0.674860	0.540709	0.897542	10626.000000	11839.000000	3035.000000	5613.000000
0.762355	0.876230	0.674675	17580.000000	26057.000000	4453.000000	5082.000000
0.581785	0.568262	0.595967	7980.000000	13390.000000	2564.000000	4512.000000
0.623607	0.725271	0.546941	11139.000000	20366.000000	4414.000000	6086.000000
0.711203	0.655187	0.777692	13115.000000	16864.000000	3177.000000	4849.000000
0.754244	0.774769	0.734779	16739.000000	22781.000000	3777.000000	4875.000000
0.736873	0.814752	0.672583	17089.000000	25408.000000	3866.000000	4745.000000
0.659553	0.669813	0.649602	14694.000000	22620.000000	4471.000000	6675.000000
0.601343	0.575943	0.629088	10446.000000	16605.000000	3481.000000	6044.000000
0.610951	0.506207	0.770350	9265.000000	12027.000000	2365.000000	4672.000000
0.685338	0.818327	0.589531	17986.000000	30509.000000	4626.000000	5653.000000
0.692789	0.621454	0.782625	10747.000000	13732.000000	3001.000000	4829.000000
0.763577	0.733510	0.796214	11776.000000	14790.000000	3603.000000	4912.000000
0.725542	0.883688	0.615408	15960.000000	25934.000000	4323.000000	4892.000000
0.663037	0.520744	0.912330	10063.000000	11030.000000	2435.000000	4676.000000
0.663649	0.554999	0.825193	9512.000000	11527.000000	2992.000000	5391.000000
0.592531	0.499454	0.728243	9004.000000	12364.000000	2288.000000	4581.000000
0.662890	0.529123	0.887177	11174.000000	12595.000000	2153.000000	4069.000000
0.408923	0.287418	0.708399	5415.000000	7644.000000	1398.000000	4864.000000
0.571238	0.674941	0.495158	7875.000000	15904.000000	3453.000000	5116.000000
0.538003	0.477172	0.616611	8241.000000	13365.000000	2592.000000	5432.000000
0.719528	0.646287	0.811489	10538.000000	12986.000000	3055.000000	4727.000000
0.578862	0.507656	0.673301	9134.000000	13566.000000	2387.000000	4702.000000
0.641429	0.571039	0.731614	10296.000000	14073.000000	2930.000000	5131.000000
0.795791	0.707783	0.908795	13113.000000	14429.000000	2892.000000	4086.000000
0.706888	0.752186	0.666737	12650.000000	18973.000000	3011.000000	4003.000000
0.715163	0.814499	0.637423	13405.000000	21030.000000	4584.000000	5628.000000
0.667680	0.643293	0.693990	12251.000000	17653.000000	3165.000000	4920.000000
0.394861	0.267162	0.756410	3540.000000	4680.000000	1078.000000	4035.000000
0.419888	0.279305	0.845411	6393.000000	7562.000000	1494.000000	5349.000000
0.582609	0.511285	0.677058	12705.000000	18765.000000	2877.000000	5627.000000
0.695669	0.716126	0.676348	12365.000000	18282.000000	3557.000000	4967.000000
0.748759	0.766920	0.731438	27091.000000	37038.000000	4340.000000	5659.000000
0.780129	0.825094	0.739811	18297.000000	24732.000000	4807.000000	5826.000000
0.521203	0.501700	0.542284	10388.000000	19156.000000	2509.000000	5001.000000
0.558894	0.487452	0.654873	7996.000000	12210.000000	2292.000000	4702.000000
0.605926	0.512218	0.741598	5958.000000	8034.000000	2138.000000	4174.000000
0.682607	0.719172	0.649580	12850.000000	19782.000000	4100.000000	5701.000000
0.757710	0.685069	0.847582	14058.000000	16586.000000	3487.000000	5090.000000
0.709700	0.639408	0.797355	9888.000000	12401.000000	2807.000000	4390.000000
0.758014	0.713135	0.808920	14491.000000	17914.000000	3719.000000	5215.000000
0.642271	0.673289	0.613986	15260.000000	24854.000000	4270.000000	6342.000000
0.494009	0.354855	0.812705	2968.000000	3652.000000	1385.000000	3903.000000
0.777709	0.805788	0.751522	14070.000000	18722.000000	4149.000000	5149.000000
0.558788	0.676620	0.475909	10144.000000	21315.000000	3852.000000	5693.000000
0.350689	0.346749	0.354719	4318.000000	12173.000000	1861.000000	5367.000000
0.791910	0.706497	0.900815	11053.000000	12270.000000	3110.000000	4402.000000
0.578513	0.493512	0.698887	6782.000000	9704.000000	2244.000000	4547.000000
0.510075	0.362083	0.862668	7205.000000	8352.000000	1780.000000	4916.000000
0.460553	0.378097	0.589004	7349.000000	12477.000000	2182.000000	5771.000000
0.627315	0.559651	0.713593	9854.000000	13809.000000	2627.000000	4694.000000
