0.602865	0.580420	0.627116	11115.000000	17724.000000	2573.000000	4433.000000
0.564705	0.684772	0.480462	7611.000000	15841.000000	2761.000000	4032.000000
0.662934	0.789494	0.571345	12685.000000	22202.000000	4178.000000	5292.000000
0.669138	0.589025	0.774476	9564.000000	12349.000000	2458.000000	4173.000000
0.494538	0.621722	0.410552	10295.000000	25076.000000	2513.000000	4042.000000
0.438978	0.310145	0.750897	6068.000000	8081.000000	1177.000000	3795.000000
0.552503	0.462921	0.685077	5495.000000	8021.000000	1623.000000	3506.000000
0.493560	0.395247	0.656973	5874.000000	8941.000000	1813.000000	4587.000000
0.631772	0.630616	0.632932	8249.000000	13033.000000	1965.000000	3116.000000
0.421386	0.346364	0.537892	4940.000000	9184.000000	1586.000000	4579.000000
0.430040	0.425278	0.434910	5038.000000	11584.000000	1642.000000	3861.000000
0.458523	0.338597	0.709991	5479.000000	7717.000000	1458.000000	4306.000000
0.531067	0.446712	0.654696	7584.000000	11584.000000	1970.000000	4410.000000
0.727667	0.889360	0.615724	11168.000000	18138.000000	3569.000000	4013.000000
0.774094	0.731441	0.822028	14046.000000	17087.000000	3015.000000	4122.000000
0.717687	0.624672	0.843248	13239.000000	15700.000000	2618.000000	4191.000000
0.608684	0.583022	0.636710	10372.000000	16290.000000	2651.000000	4547.000000
0.717950	0.797184	0.653043	13789.000000	21115.000000	3907.000000	4901.000000
0.804513	0.781977	0.828387	10383.000000	12534.000000	3393.000000	4339.000000
0.693641	0.690554	0.696756	8676.000000	12452.000000	3151.000000	4563.000000
0.596360	0.503075	0.732116	5813.000000	7940.000000	2045.000000	4065.000000
0.604961	0.559376	0.658636	6616.000000	10045.000000	2294.000000	4101.000000
0.778499	0.836162	0.728275	12018.000000	16502.000000	3695.000000	4419.000000
0.682632	0.814944	0.587282	12034.000000	20491.000000	3981.000000	4885.000000
0.378246	0.287693	0.551986	3557.000000	6444.000000	1246.000000	4331.000000
0.386119	0.262887	0.726837	4095.000000	5634.000000	1071.000000	4074.000000
0.568939	0.463939	0.735369	7514.000000	10218.000000	2200.000000	4742.000000
0.737742	0.769624	0.708396	6117.000000	8635.000000	3010.000000	3911.000000
0.435697	0.278673	0.998089	3656.000000	3663.000000	882.000000	3165.000000
0.512109	0.479850	0.549017	5057.000000	9211.000000	2048.000000	4268.000000
0.680877	0.618182	0.757726	10887.000000	14368.000000	2550.000000	4125.000000
0.608169	0.642786	0.577090	8242.000000	14282.000000	2575.000000	4006.000000
0.690256	0.762117	0.630779	9673.000000	15335.000000	3255.000000	4271.000000
0.555386	0.474130	0.670253	10279.000000	15336.000000	1961.000000	4136.000000
0.681701	0.805877	0.590683	10943.000000	18526.000000	3757.000000	4662.000000
0.736072	0.787356	0.691059	13032.000000	18858.000000	3699.000000	4698.000000
0.563985	0.495462	0.654503	6170.000000	9427.000000	1747.000000	3526.000000
0.575461	0.566510	0.584699	7169.000000	12261.000000	2649.000000	4676.000000
0.633590	0.782431	0.532327	11387.000000	21391.000000	3438.000000	4394.000000
0.396862	0.256085	0.881375	4770.000000	5412.000000	1294.000000	5053.000000
0.737645	0.722898	0.753006	12652.000000	16802.000000	2854.000000	3948.000000
0.634793	0.682957	0.592974	9318.000000	15714.000000	2725.000000	3990.000000
0.647487	0.891655	0.508297	10599.000000	20852.000000	3761.000000	4218.000000
0.646411	0.638165	0.654872	11068.000000	16901.000000	2448.000000	3836.000000
0.733283	0.780251	0.691648	11453.000000	16559.000000	2979.000000	3818.000000
0.833950	0.797376	0.874040	13094.000000	14981.000000	3951.000000	4955.000000
0.468553	0.459923	0.477513	6190.000000	12963.000000	2037.000000	4429.000000
0.486054	0.608149	0.404787	8896.000000	21977.000000	2806.000000	4614.000000
0.488633	0.403783	0.618632	7225.000000	11679.000000	1708.000000	4230.000000
0.487809	0.504388	0.472286	5155.000000	10915.000000	2184.000000	4330.000000
0.603176	0.482454	0.804476	6937.000000	8623.000000	1691.000000	3505.000000
0.688241	0.635581	0.750417	13963.000000	18607.000000	2583.000000	4064.000000
0.581443	0.532791	0.639873	8470.000000	13237.000000	2291.000000	4300.000000
0.320897	0.260028	0.418971	3136.000000	7485.000000	1303.000000	5011.000000
0.723863	0.746838	0.702259	13121.000000	18684.000000	3248.000000	4349.000000
0.457853	0.432645	0.486181	13580.000000	27932.000000	2200.000000	5085.000000
0.643371	0.695901	0.598214	10452.000000	17472.000000	3158.000000	4538.000000
0.788251	0.854345	0.731648	10914.000000	14917.000000	3185.000000	3728.000000
0.455786	0.391738	0.544870	4997.000000	9171.000000	1650.000000	4212.000000
0.552151	0.575655	0.530491	10726.000000	20219.000000	2374.000000	4124.000000
0.716982	0.736964	0.698055	12343.000000	17682.000000	2869.000000	3893.000000
0.538755	0.382979	0.908143	5398.000000	5944.000000	1494.000000	3901.000000
0.417130	0.300841	0.679971	6491.000000	9546.000000	1824.000000	6063.000000
0.677012	0.703567	0.652389	10037.000000	15385.000000	2663.000000	3785.000000
0.661020	0.617475	0.711172	12789.000000	17983.000000	3067.000000	4967.000000
0.658391	0.621263	0.700239	9664.000000	13801.000000	2577.000000	4148.000000
0.681468	0.708041	0.656818	7269.000000	11067.000000	2527.000000	3569.000000
0.547846	0.451460	0.696560	6439.000000	9244.000000	1902.000000	4213.000000
0.467254	0.439095	0.499274	6873.000000	13766.000000	2134.000000	4860.000000
0.646032	0.594785	0.706943	11374.000000	16089.000000	2190.000000	3682.000000
0.424888	0.332705	0.587732	5222.000000	8885.000000	1412.000000	4244.000000
0.756781	0.741246	0.772981	10957.000000	14175.000000	3154.000000	4255.000000
0.544638	0.465661	0.655875	4761.000000	7259.000000	2007.000000	4310.000000
0.710682	0.745103	0.679300	10055.000000	14802.000000	2701.000000	3625.000000
0.601347	0.510204	0.732135	7090.000000	9684.000000	2150.000000	4214.000000
0.546591	0.457859	0.677980	4834.000000	7130.000000	1771.000000	3868.000000
0.706418	0.710272	0.702606	7820.000000	11130.000000	3236.000000	4556.000000
0.679535	0.671521	0.687741	8550.000000	12432.000000	2582.000000	3845.000000
0.622221	0.687058	0.568567	9706.000000	17071.000000	2819.000000	4103.000000
0.672876	0.628111	0.724511	10993.000000	15173.000000	2650.000000	4219.000000
0.268830	0.161425	0.803331	12299.000000	15310.000000	2546.000000	15772.000000
0.465578	0.428412	0.509804	7618.000000	14943.000000	1921.000000	4484.000000
0.520469	0.511761	0.529478	7005.000000	13230.000000	1871.000000	3656.000000
0.633163	0.681580	0.591168	10576.000000	17890.000000	2986.000000	4381.000000
0.579655	0.453951	0.801639	6947.000000	8666.000000	1597.000000	3518.000000
0.669105	0.795197	0.577529	11334.000000	19625.000000	3642.000000	4580.000000
0.565363	0.589201	0.543379	11781.000000	21681.000000	1866.000000	3167.000000
0.650583	0.618741	0.685879	9972.000000	14539.000000	2212.000000	3575.000000
0.740853	0.793906	0.694446	9691.000000	13955.000000	2866.000000	3610.000000
0.674709	0.700095	0.651099	6399.000000	9828.000000	2953.000000	4218.000000
0.683216	0.783061	0.605953	8001.000000	13204.000000	3689.000000	4711.000000
0.667457	0.770806	0.588546	13709.000000	23293.000000	2973.000000	3857.000000
0.747636	0.788645	0.710680	14586.000000	20524.000000	3306.000000	4192.000000
0.573147	0.449264	0.791363	7825.000000	9888.000000	2196.000000	4888.000000
0.705598	0.625767	0.808775	9106.000000	11259.000000	2958.000000	4727.000000
0.612786	0.648959	0.580433	8490.000000	14627.000000	2773.000000	4273.000000
0.709616	0.669960	0.754263	10307.000000	13665.000000	2509.000000	3745.000000
0.725572	0.887429	0.613650	13442.000000	21905.000000	4052.000000	4566.000000
0.675659	0.614561	0.750247	12935.000000	17241.000000	2929.000000	4766.000000
0.718778	0.764404	0.678293	13030.000000	19210.000000	3874.000000	5068.000000
0.732270	0.712687	0.752960	11320.000000	15034.000000	3185.000000	4469.000000
0.550898	0.575553	0.528269	10521.000000	19916.000000	2392.000000	4156.000000
0.841762	0.764613	0.936229	17764.000000	18974.000000	3375.000000	4414.000000
0.712158	0.830600	0.623280	14854.000000	23832.000000	3545.000000	4268.000000
0.529780	0.567473	0.496782	8181.000000	16468.000000	2275.000000	4009.000000
0.681817	0.678518	0.685148	8082.000000	11796.000000	3187.000000	4697.000000
0.769216	0.801504	0.739429	10877.000000	14710.000000	2984.000000	3723.000000
0.710462	0.931909	0.574051	14915.000000	25982.000000	3969.000000	4259.000000
0.708833	0.730840	0.688112	13134.000000	19087.000000	3166.000000	4332.000000
0.727464	0.688473	0.771137	13663.000000	17718.000000	2831.000000	4112.000000
0.624908	0.680884	0.577436	7841.000000	13579.000000	2650.000000	3892.000000
0.570101	0.607179	0.537291	9603.000000	17873.000000	2402.000000	3956.000000
0.685431	0.629839	0.751787	8626.000000	11474.000000	2229.000000	3539.000000
0.544365	0.545832	0.542905	8693.000000	16012.000000	2626.000000	4811.000000
0.747239	0.909150	0.634279	18174.000000	28653.000000	4183.000000	4601.000000
0.737702	0.610704	0.931386	9502.000000	10202.000000	1917.000000	3139.000000
0.491993	0.361614	0.769397	7110.000000	9241.000000	1918.000000	5304.000000
0.508141	0.458165	0.570355	5691.000000	9978.000000	2037.000000	4446.000000
0.507647	0.494675	0.521317	8217.000000	15762.000000	2183.000000	4413.000000
0.345780	0.226783	0.727518	5922.000000	8140.000000	1243.000000	5481.000000
0.472599	0.380285	0.624101	5811.000000	9311.000000	1682.000000	4423.000000
0.722875	0.809171	0.653212	10778.000000	16500.000000	3494.000000	4318.000000
0.688540	0.748162	0.637720	10604.000000	16628.000000	3155.000000	4217.000000
0.447472	0.293059	0.945834	4348.000000	4597.000000	1140.000000	3890.000000
0.551658	0.747368	0.437177	9210.000000	21067.000000	3124.000000	4180.000000
0.698434	0.719347	0.678702	13158.000000	19387.000000	3614.000000	5024.000000
0.623535	0.511058	0.799492	7548.000000	9441.000000	1918.000000	3753.000000
0.183686	0.111636	0.518012	834.000000	1610.000000	378.000000	3386.000000
0.680207	0.867945	0.559242	11512.000000	20585.000000	3214.000000	3703.000000
0.750143	0.876511	0.655621	13395.000000	20431.000000	3336.000000	3806.000000
0.530226	0.489504	0.578338	8287.000000	14329.000000	2192.000000	4478.000000
0.638058	0.575584	0.715746	13164.000000	18392.000000	2414.000000	4194.000000
0.483496	0.405941	0.597685	4338.000000	7258.000000	1476.000000	3636.000000
0.630673	0.665202	0.599551	11488.000000	19161.000000	3634.000000	5463.000000
0.725665	0.838210	0.639765	14261.000000	22291.000000	3839.000000	4580.000000
0.577103	0.506622	0.670365	6465.000000	9644.000000	2104.000000	4153.000000
0.644280	0.508391	0.879314	8816.000000	10026.000000	1969.000000	3873.000000
0.488593	0.399560	0.628681	6874.000000	10934.000000	1997.000000	4998.000000
0.528459	0.439362	0.662882	7649.000000	11539.000000	2094.000000	4766.000000
0.783065	0.737110	0.835132	9594.000000	11488.000000	3045.000000	4131.000000
0.759452	0.749867	0.769285	10920.000000	14195.000000	2824.000000	3766.000000
0.761484	0.816309	0.713560	13903.000000	19484.000000	3724.000000	4562.000000
0.609450	0.472559	0.857995	10211.000000	11901.000000	2144.000000	4537.000000
0.594663	0.694085	0.520155	9381.000000	18035.000000	3004.000000	4328.000000
0.700291	0.785065	0.632042	9559.000000	15124.000000	2849.000000	3629.000000
0.755015	0.853185	0.677106	16367.000000	24172.000000	4742.000000	5558.000000
0.557799	0.505591	0.622030	6178.000000	9932.000000	1899.000000	3756.000000
0.564817	0.470783	0.705792	8689.000000	12311.000000	1845.000000	3919.000000
0.421509	0.566640	0.335563	7625.000000	22723.000000	2130.000000	3759.000000
0.731536	0.615527	0.901427	10672.000000	11839.000000	2989.000000	4856.000000
0.733320	0.893524	0.621829	16203.000000	26057.000000	4070.000000	4555.000000
0.545142	0.576396	0.517102	6924.000000	13390.000000	2188.000000	3796.000000
0.597666	0.732690	0.504665	10278.000000	20366.000000	3947.000000	5387.000000
0.696163	0.666745	0.728297	12282.000000	16864.000000	2831.000000	4246.000000
0.726393	0.766237	0.690488	15730.000000	22781.000000	3386.000000	4419.000000
0.667948	0.801288	0.572654	14550.000000	25408.000000	3234.000000	4036.000000
0.645199	0.715023	0.587798	13296.000000	22620.000000	4017.000000	5618.000000
0.585415	0.605480	0.566637	9409.000000	16605.000000	3160.000000	5219.000000
0.595714	0.512219	0.711732	8560.000000	12027.000000	2096.000000	4092.000000
0.620160	0.807206	0.503491	15361.000000	30509.000000	3831.000000	4746.000000
0.717001	0.676319	0.762890	10476.000000	13732.000000	2896.000000	4282.000000
0.761026	0.765512	0.756592	11190.000000	14790.000000	3294.000000	4303.000000
0.715707	0.895731	0.595936	15455.000000	25934.000000	4029.000000	4498.000000
0.691379	0.560922	0.900907	9937.000000	11030.000000	2311.000000	4120.000000
0.660962	0.585714	0.758393	8742.000000	11527.000000	2747.000000	4690.000000
0.604780	0.533671	0.697752	8627.000000	12364.000000	2108.000000	3950.000000
0.685881	0.554019	0.900119	11337.000000	12595.000000	2123.000000	3832.000000
0.417214	0.311230	0.632653	4836.000000	7644.000000	1225.000000	3936.000000
0.538110	0.684543	0.443285	7050.000000	15904.000000	3140.000000	4587.000000
0.491720	0.478940	0.505200	6752.000000	13365.000000	2115.000000	4416.000000
0.757779	0.723179	0.795857	10335.000000	12986.000000	2939.000000	4064.000000
0.582302	0.530967	0.644626	8745.000000	13566.000000	2229.000000	4198.000000
0.597288	0.587171	0.607760	8553.000000	14073.000000	2563.000000	4365.000000
0.812338	0.740195	0.900062	12987.000000	14429.000000	2812.000000	3799.000000
0.699087	0.764972	0.643652	12212.000000	18973.000000	2708.000000	3540.000000
0.697862	0.851971	0.590965	12428.000000	21030.000000	3977.000000	4668.000000
0.679171	0.697904	0.661417	11676.000000	17653.000000	2964.000000	4247.000000
0.409979	0.286840	0.718376	3362.000000	4680.000000	983.000000	3427.000000
0.423804	0.289985	0.786961	5951.000000	7562.000000	1387.000000	4783.000000
0.608704	0.559264	0.667732	12530.000000	18765.000000	2765.000000	4944.000000
0.683073	0.760501	0.619954	11334.000000	18282.000000	3277.000000	4309.000000
0.770040	0.863388	0.694908	25738.000000	37038.000000	4108.000000	4758.000000
0.760474	0.823879	0.706130	17464.000000	24732.000000	4430.000000	5377.000000
0.513542	0.525017	0.502558	9627.000000	19156.000000	2361.000000	4497.000000
0.545539	0.496117	0.605897	7398.000000	12210.000000	2044.000000	4120.000000
0.633595	0.559158	0.730894	5872.000000	8034.000000	2018.000000	3609.000000
0.678315	0.755547	0.615408	12174.000000	19782.000000	3848.000000	5093.000000
0.745529	0.698040	0.799952	13268.000000	16586.000000	3241.000000	4643.000000
0.725201	0.699170	0.753246	9341.000000	12401.000000	2610.000000	3733.000000
0.752518	0.737593	0.768059	13759.000000	17914.000000	3463.000000	4695.000000
0.618003	0.680666	0.565905	14065.000000	24854.000000	3679.000000	5405.000000
0.506339	0.377188	0.769989	2812.000000	3652.000000	1207.000000	3200.000000
0.727882	0.802973	0.665634	12462.000000	18722.000000	3619.000000	4507.000000
0.504237	0.664547	0.406240	8659.000000	21315.000000	3239.000000	4874.000000
0.351848	0.388356	0.321613	3915.000000	12173.000000	1701.000000	4380.000000
0.846512	0.795967	0.903912	11091.000000	12270.000000	3000.000000	3769.000000
0.546370	0.495813	0.608409	5904.000000	9704.000000	1954.000000	3941.000000
0.530403	0.401081	0.782807	6538.000000	8352.000000	1632.000000	4069.000000
0.477948	0.417364	0.559109	6976.000000	12477.000000	2096.000000	5022.000000
0.680415	0.656942	0.705627	9744.000000	13809.000000	2522.000000	3839.000000
