100075	1	239007	1	2	3	4	5	0	0	0	0	0
100075	2	239007	1	2	3	4	5	0	0	0	0	0
100075	3	239007	1	2	3	4	5	0	0	0	0	0
100075	4	239007	1	2	3	4	5	0	0	0	0	0
100075	5	239007	1	2	3	4	5	0	0	0	0	0
100075	6	239007	1	2	3	4	5	0	0	0	0	0
100080	1	25098	1	2	3	4	5	6	7	0	0	0
100080	2	25098	1	2	3	4	5	6	7	0	0	0
100080	3	25098	1	2	3	4	5	6	7	0	0	0
100080	4	25098	1	2	3	4	5	6	7	0	0	0
100080	5	25098	1	2	3	4	5	6	7	0	0	0
100098	1	66075	1	2	3	4	5	0	0	0	0	0
100098	2	66075	1	2	3	4	5	0	0	0	0	0
100098	3	66075	1	2	3	4	5	0	0	0	0	0
100098	4	66075	1	2	3	4	5	0	0	0	0	0
100098	5	66075	1	2	3	4	5	0	0	0	0	0
103041	1	2092	1	2	3	4	5	6	7	0	0	0
103041	2	2092	1	2	3	4	5	6	7	0	0	0
103041	3	2092	1	2	3	4	5	6	7	0	0	0
103041	4	2092	1	2	3	4	5	6	7	0	0	0
103041	5	2092	1	2	3	4	5	6	7	0	0	0
103041	6	2092	1	2	3	4	5	6	7	0	0	0
104022	1	253036	1	2	3	4	5	6	0	0	0	0
104022	2	253036	1	2	3	4	5	6	0	0	0	0
104022	3	253036	1	2	3	4	5	6	0	0	0	0
104022	4	253036	1	2	3	4	5	6	0	0	0	0
104022	5	253036	1	2	3	4	5	6	0	0	0	0
104022	6	253036	1	2	3	4	5	6	0	0	0	0
104022	7	253036	1	2	3	4	5	6	0	0	0	0
105019	1	172032	1	2	3	4	5	6	0	0	0	0
105019	2	172032	1	2	3	4	5	6	0	0	0	0
105019	3	172032	1	2	3	4	5	6	0	0	0	0
105019	4	172032	1	2	3	4	5	6	0	0	0	0
105019	5	172032	1	2	3	4	5	6	0	0	0	0
105019	6	172032	1	2	3	4	5	6	0	0	0	0
105053	1	170054	1	2	3	4	5	0	0	0	0	0
105053	2	170054	1	2	3	4	5	0	0	0	0	0
105053	3	170054	1	2	3	4	5	0	0	0	0	0
105053	4	170054	1	2	3	4	5	0	0	0	0	0
105053	5	170054	1	2	3	4	5	0	0	0	0	0
106020	1	80099	1	2	3	4	5	0	0	0	0	0
106020	2	80099	1	2	3	4	5	0	0	0	0	0
106020	3	80099	1	2	3	4	5	0	0	0	0	0
106020	4	80099	1	2	3	4	5	0	0	0	0	0
106020	5	80099	1	2	3	4	5	0	0	0	0	0
106025	1	388016	1	2	3	4	5	6	0	0	0	0
106025	2	388016	1	2	3	4	5	6	0	0	0	0
106025	3	388016	1	2	3	4	5	6	0	0	0	0
106025	4	388016	1	2	3	4	5	6	0	0	0	0
106025	5	388016	1	2	3	4	5	6	0	0	0	0
106025	6	388016	1	2	3	4	5	6	0	0	0	0
108041	1	368016	1	2	3	4	5	6	0	0	0	0
108041	2	368016	1	2	3	4	5	6	0	0	0	0
108041	3	368016	1	2	3	4	5	6	0	0	0	0
108041	4	368016	1	2	3	4	5	6	0	0	0	0
108041	5	368016	1	2	3	4	5	6	0	0	0	0
108073	1	42078	1	2	3	4	5	6	7	0	0	0
108073	2	42078	1	2	3	4	5	6	7	0	0	0
108073	3	42078	1	2	3	4	5	6	7	0	0	0
108073	4	42078	1	2	3	4	5	6	7	0	0	0
108073	5	42078	1	2	3	4	5	6	7	0	0	0
109034	1	239096	1	2	3	4	5	0	0	0	0	0
109034	2	239096	1	2	3	4	5	0	0	0	0	0
109034	3	239096	1	2	3	4	5	0	0	0	0	0
109034	4	239096	1	2	3	4	5	0	0	0	0	0
109034	5	239096	1	2	3	4	5	0	0	0	0	0
112082	1	113044	1	2	3	4	5	6	0	0	0	0
112082	2	113044	1	2	3	4	5	6	0	0	0	0
112082	3	113044	1	2	3	4	5	6	0	0	0	0
112082	4	113044	1	2	3	4	5	6	0	0	0	0
112082	5	113044	1	2	3	4	5	6	0	0	0	0
113009	1	55075	1	2	3	4	5	6	0	0	0	0
113009	2	55075	1	2	3	4	5	6	0	0	0	0
113009	3	55075	1	2	3	4	5	6	0	0	0	0
113009	4	55075	1	2	3	4	5	6	0	0	0	0
113009	5	55075	1	2	3	4	5	6	0	0	0	0
113016	1	198054	1	2	3	4	5	0	0	0	0	0
113016	2	198054	1	2	3	4	5	0	0	0	0	0
113016	3	198054	1	2	3	4	5	0	0	0	0	0
113016	4	198054	1	2	3	4	5	0	0	0	0	0
113016	5	198054	1	2	3	4	5	0	0	0	0	0
113016	6	198054	1	2	3	4	5	0	0	0	0	0
113044	1	374020	1	2	3	4	5	0	0	0	0	0
113044	2	374020	1	2	3	4	5	0	0	0	0	0
113044	3	374020	1	2	3	4	5	0	0	0	0	0
113044	4	374020	1	2	3	4	5	0	0	0	0	0
113044	5	374020	1	2	3	4	5	0	0	0	0	0
113044	6	374020	1	2	3	4	5	0	0	0	0	0
117054	1	156079	1	2	3	4	5	0	0	0	0	0
117054	2	156079	1	2	3	4	5	0	0	0	0	0
117054	3	156079	1	2	3	4	5	0	0	0	0	0
117054	4	156079	1	2	3	4	5	0	0	0	0	0
117054	5	156079	1	2	3	4	5	0	0	0	0	0
117054	6	156079	1	2	3	4	5	0	0	0	0	0
118020	1	48055	1	2	3	4	5	6	0	0	0	0
118020	2	48055	1	2	3	4	5	6	0	0	0	0
118020	3	48055	1	2	3	4	5	6	0	0	0	0
118020	4	48055	1	2	3	4	5	6	0	0	0	0
118020	5	48055	1	2	3	4	5	6	0	0	0	0
118020	6	48055	1	2	3	4	5	6	0	0	0	0
118035	1	35070	1	2	3	4	5	0	0	0	0	0
118035	2	35070	1	2	3	4	5	0	0	0	0	0
118035	3	35070	1	2	3	4	5	0	0	0	0	0
118035	4	35070	1	2	3	4	5	0	0	0	0	0
118035	5	35070	1	2	3	4	5	0	0	0	0	0
12003	1	231015	1	2	3	4	5	0	0	0	0	0
12003	2	231015	1	2	3	4	5	0	0	0	0	0
12003	3	231015	1	2	3	4	5	0	0	0	0	0
12003	4	231015	1	2	3	4	5	0	0	0	0	0
12003	5	231015	1	2	3	4	5	0	0	0	0	0
12074	1	61086	1	2	3	4	5	6	7	8	0	0
12074	2	61086	1	2	3	4	5	6	7	8	0	0
12074	3	61086	1	2	3	4	5	6	7	8	0	0
12074	4	61086	1	2	3	4	5	6	7	8	0	0
12074	5	61086	1	2	3	4	5	6	7	8	0	0
122048	1	8143	1	2	3	4	0	0	0	0	0	0
122048	2	8143	1	2	3	4	0	0	0	0	0	0
122048	3	8143	1	2	3	4	0	0	0	0	0	0
122048	4	8143	1	2	3	4	0	0	0	0	0	0
122048	5	8143	1	2	3	4	0	0	0	0	0	0
124084	1	163014	1	2	3	4	5	6	0	0	0	0
124084	2	163014	1	2	3	4	5	6	0	0	0	0
124084	3	163014	1	2	3	4	5	6	0	0	0	0
124084	4	163014	1	2	3	4	5	6	0	0	0	0
124084	5	163014	1	2	3	4	5	6	0	0	0	0
126039	1	138032	1	2	3	4	5	0	0	0	0	0
126039	2	138032	1	2	3	4	5	0	0	0	0	0
126039	3	138032	1	2	3	4	5	0	0	0	0	0
126039	4	138032	1	2	3	4	5	0	0	0	0	0
126039	5	138032	1	2	3	4	5	0	0	0	0	0
130034	1	20008	1	2	3	4	5	0	0	0	0	0
130034	2	20008	1	2	3	4	5	0	0	0	0	0
130034	3	20008	1	2	3	4	5	0	0	0	0	0
130034	4	20008	1	2	3	4	5	0	0	0	0	0
130034	5	20008	1	2	3	4	5	0	0	0	0	0
134008	1	100075	1	2	3	4	5	6	0	0	0	0
134008	2	100075	1	2	3	4	5	6	0	0	0	0
134008	3	100075	1	2	3	4	5	6	0	0	0	0
134008	4	100075	1	2	3	4	5	6	0	0	0	0
134008	5	100075	1	2	3	4	5	6	0	0	0	0
134052	1	216041	1	2	3	4	5	6	0	0	0	0
134052	2	216041	1	2	3	4	5	6	0	0	0	0
134052	3	216041	1	2	3	4	5	6	0	0	0	0
134052	4	216041	1	2	3	4	5	6	0	0	0	0
134052	5	216041	1	2	3	4	5	6	0	0	0	0
135037	1	311081	1	2	3	4	5	0	0	0	0	0
135037	2	311081	1	2	3	4	5	0	0	0	0	0
135037	3	311081	1	2	3	4	5	0	0	0	0	0
135037	4	311081	1	2	3	4	5	0	0	0	0	0
135037	5	311081	1	2	3	4	5	0	0	0	0	0
135069	1	365073	1	2	3	4	5	0	0	0	0	0
135069	2	365073	1	2	3	4	5	0	0	0	0	0
135069	3	365073	1	2	3	4	5	0	0	0	0	0
135069	4	365073	1	2	3	4	5	0	0	0	0	0
135069	5	365073	1	2	3	4	5	0	0	0	0	0
138032	1	374067	1	2	3	4	5	0	0	0	0	0
138032	2	374067	1	2	3	4	5	0	0	0	0	0
138032	3	374067	1	2	3	4	5	0	0	0	0	0
138032	4	374067	1	2	3	4	5	0	0	0	0	0
138032	5	374067	1	2	3	4	5	0	0	0	0	0
138078	1	35008	1	2	3	4	5	0	0	0	0	0
138078	2	35008	1	2	3	4	5	0	0	0	0	0
138078	3	35008	1	2	3	4	5	0	0	0	0	0
138078	4	35008	1	2	3	4	5	0	0	0	0	0
138078	5	35008	1	2	3	4	5	0	0	0	0	0
138078	6	35008	1	2	3	4	5	0	0	0	0	0
140055	1	27059	1	2	3	4	5	0	0	0	0	0
140055	2	27059	1	2	3	4	5	0	0	0	0	0
140055	3	27059	1	2	3	4	5	0	0	0	0	0
140055	4	27059	1	2	3	4	5	0	0	0	0	0
140055	5	27059	1	2	3	4	5	0	0	0	0	0
140075	1	113016	1	2	3	4	5	6	0	0	0	0
140075	2	113016	1	2	3	4	5	6	0	0	0	0
140075	3	113016	1	2	3	4	5	6	0	0	0	0
140075	4	113016	1	2	3	4	5	6	0	0	0	0
140075	5	113016	1	2	3	4	5	6	0	0	0	0
144067	1	147062	1	2	3	4	5	0	0	0	0	0
144067	2	147062	1	2	3	4	5	0	0	0	0	0
144067	3	147062	1	2	3	4	5	0	0	0	0	0
144067	4	147062	1	2	3	4	5	0	0	0	0	0
144067	5	147062	1	2	3	4	5	0	0	0	0	0
144067	6	147062	1	2	3	4	5	0	0	0	0	0
144067	7	147062	1	2	3	4	5	0	0	0	0	0
145014	1	187083	1	2	3	4	5	0	0	0	0	0
145014	2	187083	1	2	3	4	5	0	0	0	0	0
145014	3	187083	1	2	3	4	5	0	0	0	0	0
145014	4	187083	1	2	3	4	5	0	0	0	0	0
145014	5	187083	1	2	3	4	5	0	0	0	0	0
145053	1	113009	1	2	3	4	5	0	0	0	0	0
145053	2	113009	1	2	3	4	5	0	0	0	0	0
145053	3	113009	1	2	3	4	5	0	0	0	0	0
145053	4	113009	1	2	3	4	5	0	0	0	0	0
145053	5	113009	1	2	3	4	5	0	0	0	0	0
147021	1	293029	1	2	3	4	5	6	7	8	0	0
147021	2	293029	1	2	3	4	5	6	7	8	0	0
147021	3	293029	1	2	3	4	5	6	7	8	0	0
147021	4	293029	1	2	3	4	5	6	7	8	0	0
147021	5	293029	1	2	3	4	5	6	7	8	0	0
147062	1	45077	1	2	3	4	5	0	0	0	0	0
147062	2	45077	1	2	3	4	5	0	0	0	0	0
147062	3	45077	1	2	3	4	5	0	0	0	0	0
147062	4	45077	1	2	3	4	5	0	0	0	0	0
147062	5	45077	1	2	3	4	5	0	0	0	0	0
15004	1	187039	1	2	3	4	5	0	0	0	0	0
15004	2	187039	1	2	3	4	5	0	0	0	0	0
15004	3	187039	1	2	3	4	5	0	0	0	0	0
15004	4	187039	1	2	3	4	5	0	0	0	0	0
15004	5	187039	1	2	3	4	5	0	0	0	0	0
15004	6	187039	1	2	3	4	5	0	0	0	0	0
15088	1	361084	1	2	3	4	5	0	0	0	0	0
15088	2	361084	1	2	3	4	5	0	0	0	0	0
15088	3	361084	1	2	3	4	5	0	0	0	0	0
15088	4	361084	1	2	3	4	5	0	0	0	0	0
15088	5	361084	1	2	3	4	5	0	0	0	0	0
151087	1	292066	1	2	3	4	5	0	0	0	0	0
151087	2	292066	1	2	3	4	5	0	0	0	0	0
151087	3	292066	1	2	3	4	5	0	0	0	0	0
151087	4	292066	1	2	3	4	5	0	0	0	0	0
151087	5	292066	1	2	3	4	5	0	0	0	0	0
153077	1	22093	1	2	3	4	5	6	0	0	0	0
153077	2	22093	1	2	3	4	5	6	0	0	0	0
153077	3	22093	1	2	3	4	5	6	0	0	0	0
153077	4	22093	1	2	3	4	5	6	0	0	0	0
153077	5	22093	1	2	3	4	5	6	0	0	0	0
153093	1	28075	1	2	3	4	5	6	0	0	0	0
153093	2	28075	1	2	3	4	5	6	0	0	0	0
153093	3	28075	1	2	3	4	5	6	0	0	0	0
153093	4	28075	1	2	3	4	5	6	0	0	0	0
153093	5	28075	1	2	3	4	5	6	0	0	0	0
155060	1	159091	1	2	3	4	5	6	0	0	0	0
155060	2	159091	1	2	3	4	5	6	0	0	0	0
155060	3	159091	1	2	3	4	5	6	0	0	0	0
155060	4	159091	1	2	3	4	5	6	0	0	0	0
155060	5	159091	1	2	3	4	5	6	0	0	0	0
155060	6	159091	1	2	3	4	5	6	0	0	0	0
155060	7	159091	1	2	3	4	5	6	0	0	0	0
156079	1	277095	1	2	3	4	5	0	0	0	0	0
156079	2	277095	1	2	3	4	5	0	0	0	0	0
156079	3	277095	1	2	3	4	5	0	0	0	0	0
156079	4	277095	1	2	3	4	5	0	0	0	0	0
156079	5	277095	1	2	3	4	5	0	0	0	0	0
157036	1	227046	1	2	3	4	5	0	0	0	0	0
157036	2	227046	1	2	3	4	5	0	0	0	0	0
157036	3	227046	1	2	3	4	5	0	0	0	0	0
157036	4	227046	1	2	3	4	5	0	0	0	0	0
157036	5	227046	1	2	3	4	5	0	0	0	0	0
157036	6	227046	1	2	3	4	5	0	0	0	0	0
159029	1	176019	1	2	3	4	5	6	7	0	0	0
159029	2	176019	1	2	3	4	5	6	7	0	0	0
159029	3	176019	1	2	3	4	5	6	7	0	0	0
159029	4	176019	1	2	3	4	5	6	7	0	0	0
159029	5	176019	1	2	3	4	5	6	7	0	0	0
159029	6	176019	1	2	3	4	5	6	7	0	0	0
159045	1	178054	1	2	3	4	5	0	0	0	0	0
159045	2	178054	1	2	3	4	5	0	0	0	0	0
159045	3	178054	1	2	3	4	5	0	0	0	0	0
159045	4	178054	1	2	3	4	5	0	0	0	0	0
159045	5	178054	1	2	3	4	5	0	0	0	0	0
159091	1	368078	1	2	3	4	5	6	7	0	0	0
159091	2	368078	1	2	3	4	5	6	7	0	0	0
159091	3	368078	1	2	3	4	5	6	7	0	0	0
159091	4	368078	1	2	3	4	5	6	7	0	0	0
159091	5	368078	1	2	3	4	5	6	7	0	0	0
159091	6	368078	1	2	3	4	5	6	7	0	0	0
16052	1	100098	1	2	3	4	5	0	0	0	0	0
16052	2	100098	1	2	3	4	5	0	0	0	0	0
16052	3	100098	1	2	3	4	5	0	0	0	0	0
16052	4	100098	1	2	3	4	5	0	0	0	0	0
16052	5	100098	1	2	3	4	5	0	0	0	0	0
16052	6	100098	1	2	3	4	5	0	0	0	0	0
161062	1	35010	1	2	3	4	5	0	0	0	0	0
161062	2	35010	1	2	3	4	5	0	0	0	0	0
161062	3	35010	1	2	3	4	5	0	0	0	0	0
161062	4	35010	1	2	3	4	5	0	0	0	0	0
161062	5	35010	1	2	3	4	5	0	0	0	0	0
163014	1	67079	1	2	3	4	5	0	0	0	0	0
163014	2	67079	1	2	3	4	5	0	0	0	0	0
163014	3	67079	1	2	3	4	5	0	0	0	0	0
163014	4	67079	1	2	3	4	5	0	0	0	0	0
163014	5	67079	1	2	3	4	5	0	0	0	0	0
163014	6	67079	1	2	3	4	5	0	0	0	0	0
163062	1	254054	1	2	3	4	0	0	0	0	0	0
163062	2	254054	1	2	3	4	0	0	0	0	0	0
163062	3	254054	1	2	3	4	0	0	0	0	0	0
163062	4	254054	1	2	3	4	0	0	0	0	0	0
163062	5	254054	1	2	3	4	0	0	0	0	0	0
164074	1	92059	1	2	3	4	5	0	0	0	0	0
164074	2	92059	1	2	3	4	5	0	0	0	0	0
164074	3	92059	1	2	3	4	5	0	0	0	0	0
164074	4	92059	1	2	3	4	5	0	0	0	0	0
164074	5	92059	1	2	3	4	5	0	0	0	0	0
166081	1	134052	1	2	3	4	5	0	0	0	0	0
166081	2	134052	1	2	3	4	5	0	0	0	0	0
166081	3	134052	1	2	3	4	5	0	0	0	0	0
166081	4	134052	1	2	3	4	5	0	0	0	0	0
166081	5	134052	1	2	3	4	5	0	0	0	0	0
166081	6	134052	1	2	3	4	5	0	0	0	0	0
169012	1	236017	1	2	3	4	5	6	7	0	0	0
169012	2	236017	1	2	3	4	5	6	7	0	0	0
169012	3	236017	1	2	3	4	5	6	7	0	0	0
169012	4	236017	1	2	3	4	5	6	7	0	0	0
169012	5	236017	1	2	3	4	5	6	7	0	0	0
169012	6	236017	1	2	3	4	5	6	7	0	0	0
169012	7	236017	1	2	3	4	5	6	7	0	0	0
169012	8	236017	1	2	3	4	5	6	7	0	0	0
169012	9	236017	1	2	3	4	5	6	7	0	0	0
170054	1	33066	1	2	3	4	5	0	0	0	0	0
170054	2	33066	1	2	3	4	5	0	0	0	0	0
170054	3	33066	1	2	3	4	5	0	0	0	0	0
170054	4	33066	1	2	3	4	5	0	0	0	0	0
170054	5	33066	1	2	3	4	5	0	0	0	0	0
172032	1	365025	1	2	3	4	5	0	0	0	0	0
172032	2	365025	1	2	3	4	5	0	0	0	0	0
172032	3	365025	1	2	3	4	5	0	0	0	0	0
172032	4	365025	1	2	3	4	5	0	0	0	0	0
172032	5	365025	1	2	3	4	5	0	0	0	0	0
172032	6	365025	1	2	3	4	5	0	0	0	0	0
173036	1	155060	1	2	3	4	5	6	7	0	0	0
173036	2	155060	1	2	3	4	5	6	7	0	0	0
173036	3	155060	1	2	3	4	5	6	7	0	0	0
173036	4	155060	1	2	3	4	5	6	7	0	0	0
173036	5	155060	1	2	3	4	5	6	7	0	0	0
176019	1	227040	1	2	3	4	5	0	0	0	0	0
176019	2	227040	1	2	3	4	5	0	0	0	0	0
176019	3	227040	1	2	3	4	5	0	0	0	0	0
176019	4	227040	1	2	3	4	5	0	0	0	0	0
176019	5	227040	1	2	3	4	5	0	0	0	0	0
176019	6	227040	1	2	3	4	5	0	0	0	0	0
176019	7	227040	1	2	3	4	5	0	0	0	0	0
176035	1	317080	1	2	3	4	5	0	0	0	0	0
176035	2	317080	1	2	3	4	5	0	0	0	0	0
176035	3	317080	1	2	3	4	5	0	0	0	0	0
176035	4	317080	1	2	3	4	5	0	0	0	0	0
176035	5	317080	1	2	3	4	5	0	0	0	0	0
176035	6	317080	1	2	3	4	5	0	0	0	0	0
176039	1	8049	1	2	3	4	5	0	0	0	0	0
176039	2	8049	1	2	3	4	5	0	0	0	0	0
176039	3	8049	1	2	3	4	5	0	0	0	0	0
176039	4	8049	1	2	3	4	5	0	0	0	0	0
176039	5	8049	1	2	3	4	5	0	0	0	0	0
178054	1	153077	1	2	3	4	5	0	0	0	0	0
178054	2	153077	1	2	3	4	5	0	0	0	0	0
178054	3	153077	1	2	3	4	5	0	0	0	0	0
178054	4	153077	1	2	3	4	5	0	0	0	0	0
178054	5	153077	1	2	3	4	5	0	0	0	0	0
181018	1	183087	1	2	3	4	5	6	0	0	0	0
181018	2	183087	1	2	3	4	5	6	0	0	0	0
181018	3	183087	1	2	3	4	5	6	0	0	0	0
181018	4	183087	1	2	3	4	5	6	0	0	0	0
181018	5	183087	1	2	3	4	5	6	0	0	0	0
181079	1	68077	1	2	3	4	5	6	0	0	0	0
181079	2	68077	1	2	3	4	5	6	0	0	0	0
181079	3	68077	1	2	3	4	5	6	0	0	0	0
181079	4	68077	1	2	3	4	5	6	0	0	0	0
181079	5	68077	1	2	3	4	5	6	0	0	0	0
181079	6	68077	1	2	3	4	5	6	0	0	0	0
181091	1	56028	1	2	3	4	5	0	0	0	0	0
181091	2	56028	1	2	3	4	5	0	0	0	0	0
181091	3	56028	1	2	3	4	5	0	0	0	0	0
181091	4	56028	1	2	3	4	5	0	0	0	0	0
181091	5	56028	1	2	3	4	5	0	0	0	0	0
183055	1	118020	1	2	3	4	5	6	0	0	0	0
183055	2	118020	1	2	3	4	5	6	0	0	0	0
183055	3	118020	1	2	3	4	5	6	0	0	0	0
183055	4	118020	1	2	3	4	5	6	0	0	0	0
183055	5	118020	1	2	3	4	5	6	0	0	0	0
183087	1	188005	1	2	3	4	5	6	0	0	0	0
183087	2	188005	1	2	3	4	5	6	0	0	0	0
183087	3	188005	1	2	3	4	5	6	0	0	0	0
183087	4	188005	1	2	3	4	5	6	0	0	0	0
183087	5	188005	1	2	3	4	5	6	0	0	0	0
183087	6	188005	1	2	3	4	5	6	0	0	0	0
187003	1	126039	1	2	3	4	5	0	0	0	0	0
187003	2	126039	1	2	3	4	5	0	0	0	0	0
187003	3	126039	1	2	3	4	5	0	0	0	0	0
187003	4	126039	1	2	3	4	5	0	0	0	0	0
187003	5	126039	1	2	3	4	5	0	0	0	0	0
187029	1	65010	1	2	3	4	5	6	0	0	0	0
187029	2	65010	1	2	3	4	5	6	0	0	0	0
187029	3	65010	1	2	3	4	5	6	0	0	0	0
187029	4	65010	1	2	3	4	5	6	0	0	0	0
187029	5	65010	1	2	3	4	5	6	0	0	0	0
187029	6	65010	1	2	3	4	5	6	0	0	0	0
187029	7	65010	1	2	3	4	5	6	0	0	0	0
187039	1	176035	1	2	3	4	5	6	0	0	0	0
187039	2	176035	1	2	3	4	5	6	0	0	0	0
187039	3	176035	1	2	3	4	5	6	0	0	0	0
187039	4	176035	1	2	3	4	5	6	0	0	0	0
187039	5	176035	1	2	3	4	5	6	0	0	0	0
187071	1	104022	1	2	3	4	5	6	7	0	0	0
187071	2	104022	1	2	3	4	5	6	7	0	0	0
187071	3	104022	1	2	3	4	5	6	7	0	0	0
187071	4	104022	1	2	3	4	5	6	7	0	0	0
187071	5	104022	1	2	3	4	5	6	7	0	0	0
187071	6	104022	1	2	3	4	5	6	7	0	0	0
187083	1	65019	1	2	3	4	5	6	7	0	0	0
187083	2	65019	1	2	3	4	5	6	7	0	0	0
187083	3	65019	1	2	3	4	5	6	7	0	0	0
187083	4	65019	1	2	3	4	5	6	7	0	0	0
187083	5	65019	1	2	3	4	5	6	7	0	0	0
188005	1	87065	1	2	3	4	5	0	0	0	0	0
188005	2	87065	1	2	3	4	5	0	0	0	0	0
188005	3	87065	1	2	3	4	5	0	0	0	0	0
188005	4	87065	1	2	3	4	5	0	0	0	0	0
188005	5	87065	1	2	3	4	5	0	0	0	0	0
188005	6	87065	1	2	3	4	5	0	0	0	0	0
188063	1	188091	1	2	3	4	5	0	0	0	0	0
188063	2	188091	1	2	3	4	5	0	0	0	0	0
188063	3	188091	1	2	3	4	5	0	0	0	0	0
188063	4	188091	1	2	3	4	5	0	0	0	0	0
188063	5	188091	1	2	3	4	5	0	0	0	0	0
188091	1	209070	1	2	3	4	5	0	0	0	0	0
188091	2	209070	1	2	3	4	5	0	0	0	0	0
188091	3	209070	1	2	3	4	5	0	0	0	0	0
188091	4	209070	1	2	3	4	5	0	0	0	0	0
188091	5	209070	1	2	3	4	5	0	0	0	0	0
189003	1	238011	1	2	3	4	5	6	0	0	0	0
189003	2	238011	1	2	3	4	5	6	0	0	0	0
189003	3	238011	1	2	3	4	5	6	0	0	0	0
189003	4	238011	1	2	3	4	5	6	0	0	0	0
189003	5	238011	1	2	3	4	5	6	0	0	0	0
189011	1	117054	1	2	3	4	5	6	0	0	0	0
189011	2	117054	1	2	3	4	5	6	0	0	0	0
189011	3	117054	1	2	3	4	5	6	0	0	0	0
189011	4	117054	1	2	3	4	5	6	0	0	0	0
189011	5	117054	1	2	3	4	5	6	0	0	0	0
196015	1	61060	1	2	3	4	5	0	0	0	0	0
196015	2	61060	1	2	3	4	5	0	0	0	0	0
196015	3	61060	1	2	3	4	5	0	0	0	0	0
196015	4	61060	1	2	3	4	5	0	0	0	0	0
196015	5	61060	1	2	3	4	5	0	0	0	0	0
198004	1	302003	1	2	3	4	5	0	0	0	0	0
198004	2	302003	1	2	3	4	5	0	0	0	0	0
198004	3	302003	1	2	3	4	5	0	0	0	0	0
198004	4	302003	1	2	3	4	5	0	0	0	0	0
198004	5	302003	1	2	3	4	5	0	0	0	0	0
198023	1	159029	1	2	3	4	5	6	0	0	0	0
198023	2	159029	1	2	3	4	5	6	0	0	0	0
198023	3	159029	1	2	3	4	5	6	0	0	0	0
198023	4	159029	1	2	3	4	5	6	0	0	0	0
198023	5	159029	1	2	3	4	5	6	0	0	0	0
198023	6	159029	1	2	3	4	5	6	0	0	0	0
198054	1	183055	1	2	3	4	5	0	0	0	0	0
198054	2	183055	1	2	3	4	5	0	0	0	0	0
198054	3	183055	1	2	3	4	5	0	0	0	0	0
198054	4	183055	1	2	3	4	5	0	0	0	0	0
198054	5	183055	1	2	3	4	5	0	0	0	0	0
20008	1	216066	1	2	3	4	5	0	0	0	0	0
20008	2	216066	1	2	3	4	5	0	0	0	0	0
20008	3	216066	1	2	3	4	5	0	0	0	0	0
20008	4	216066	1	2	3	4	5	0	0	0	0	0
20008	5	216066	1	2	3	4	5	0	0	0	0	0
202012	1	26031	1	2	3	4	5	6	0	0	0	0
202012	2	26031	1	2	3	4	5	6	0	0	0	0
202012	3	26031	1	2	3	4	5	6	0	0	0	0
202012	4	26031	1	2	3	4	5	6	0	0	0	0
202012	5	26031	1	2	3	4	5	6	0	0	0	0
207056	1	78019	1	2	3	4	5	0	0	0	0	0
207056	2	78019	1	2	3	4	5	0	0	0	0	0
207056	3	78019	1	2	3	4	5	0	0	0	0	0
207056	4	78019	1	2	3	4	5	0	0	0	0	0
207056	5	78019	1	2	3	4	5	0	0	0	0	0
209070	1	274007	1	2	3	4	5	0	0	0	0	0
209070	2	274007	1	2	3	4	5	0	0	0	0	0
209070	3	274007	1	2	3	4	5	0	0	0	0	0
209070	4	274007	1	2	3	4	5	0	0	0	0	0
209070	5	274007	1	2	3	4	5	0	0	0	0	0
2092	1	43070	1	2	3	4	5	0	0	0	0	0
2092	2	43070	1	2	3	4	5	0	0	0	0	0
2092	3	43070	1	2	3	4	5	0	0	0	0	0
2092	4	43070	1	2	3	4	5	0	0	0	0	0
2092	5	43070	1	2	3	4	5	0	0	0	0	0
2092	6	43070	1	2	3	4	5	0	0	0	0	0
2092	7	43070	1	2	3	4	5	0	0	0	0	0
216041	1	24063	1	2	3	4	5	0	0	0	0	0
216041	2	24063	1	2	3	4	5	0	0	0	0	0
216041	3	24063	1	2	3	4	5	0	0	0	0	0
216041	4	24063	1	2	3	4	5	0	0	0	0	0
216041	5	24063	1	2	3	4	5	0	0	0	0	0
216041	6	24063	1	2	3	4	5	0	0	0	0	0
216053	1	181079	1	2	3	4	5	6	0	0	0	0
216053	2	181079	1	2	3	4	5	6	0	0	0	0
216053	3	181079	1	2	3	4	5	6	0	0	0	0
216053	4	181079	1	2	3	4	5	6	0	0	0	0
216053	5	181079	1	2	3	4	5	6	0	0	0	0
216066	1	41025	1	2	3	4	5	0	0	0	0	0
216066	2	41025	1	2	3	4	5	0	0	0	0	0
216066	3	41025	1	2	3	4	5	0	0	0	0	0
216066	4	41025	1	2	3	4	5	0	0	0	0	0
216066	5	41025	1	2	3	4	5	0	0	0	0	0
22013	1	157036	1	2	3	4	5	6	0	0	0	0
22013	2	157036	1	2	3	4	5	6	0	0	0	0
22013	3	157036	1	2	3	4	5	6	0	0	0	0
22013	4	157036	1	2	3	4	5	6	0	0	0	0
22013	5	157036	1	2	3	4	5	6	0	0	0	0
22090	1	122048	1	2	3	4	5	0	0	0	0	0
22090	2	122048	1	2	3	4	5	0	0	0	0	0
22090	3	122048	1	2	3	4	5	0	0	0	0	0
22090	4	122048	1	2	3	4	5	0	0	0	0	0
22090	5	122048	1	2	3	4	5	0	0	0	0	0
22090	6	122048	1	2	3	4	5	0	0	0	0	0
22093	1	260081	1	2	3	4	5	6	0	0	0	0
22093	2	260081	1	2	3	4	5	6	0	0	0	0
22093	3	260081	1	2	3	4	5	6	0	0	0	0
22093	4	260081	1	2	3	4	5	6	0	0	0	0
22093	5	260081	1	2	3	4	5	6	0	0	0	0
22093	6	260081	1	2	3	4	5	6	0	0	0	0
225017	1	35091	1	2	3	4	5	6	0	0	0	0
225017	2	35091	1	2	3	4	5	6	0	0	0	0
225017	3	35091	1	2	3	4	5	6	0	0	0	0
225017	4	35091	1	2	3	4	5	6	0	0	0	0
225017	5	35091	1	2	3	4	5	6	0	0	0	0
227040	1	24004	1	2	3	4	5	0	0	0	0	0
227040	2	24004	1	2	3	4	5	0	0	0	0	0
227040	3	24004	1	2	3	4	5	0	0	0	0	0
227040	4	24004	1	2	3	4	5	0	0	0	0	0
227040	5	24004	1	2	3	4	5	0	0	0	0	0
227046	1	181091	1	2	3	4	5	0	0	0	0	0
227046	2	181091	1	2	3	4	5	0	0	0	0	0
227046	3	181091	1	2	3	4	5	0	0	0	0	0
227046	4	181091	1	2	3	4	5	0	0	0	0	0
227046	5	181091	1	2	3	4	5	0	0	0	0	0
23025	1	54005	1	2	3	4	5	6	7	0	0	0
23025	2	54005	1	2	3	4	5	6	7	0	0	0
23025	3	54005	1	2	3	4	5	6	7	0	0	0
23025	4	54005	1	2	3	4	5	6	7	0	0	0
23025	5	54005	1	2	3	4	5	6	7	0	0	0
23080	1	372047	1	2	3	4	5	0	0	0	0	0
23080	2	372047	1	2	3	4	5	0	0	0	0	0
23080	3	372047	1	2	3	4	5	0	0	0	0	0
23080	4	372047	1	2	3	4	5	0	0	0	0	0
23080	5	372047	1	2	3	4	5	0	0	0	0	0
23084	1	153093	1	2	3	4	5	0	0	0	0	0
23084	2	153093	1	2	3	4	5	0	0	0	0	0
23084	3	153093	1	2	3	4	5	0	0	0	0	0
23084	4	153093	1	2	3	4	5	0	0	0	0	0
23084	5	153093	1	2	3	4	5	0	0	0	0	0
23084	6	153093	1	2	3	4	5	0	0	0	0	0
23084	7	153093	1	2	3	4	5	0	0	0	0	0
231015	1	65132	1	2	3	4	5	6	7	0	0	0
231015	2	65132	1	2	3	4	5	6	7	0	0	0
231015	3	65132	1	2	3	4	5	6	7	0	0	0
231015	4	65132	1	2	3	4	5	6	7	0	0	0
231015	5	65132	1	2	3	4	5	6	7	0	0	0
232038	1	181018	1	2	3	4	5	0	0	0	0	0
232038	2	181018	1	2	3	4	5	0	0	0	0	0
232038	3	181018	1	2	3	4	5	0	0	0	0	0
232038	4	181018	1	2	3	4	5	0	0	0	0	0
232038	5	181018	1	2	3	4	5	0	0	0	0	0
236017	1	310007	1	2	3	4	5	0	0	0	0	0
236017	2	310007	1	2	3	4	5	0	0	0	0	0
236017	3	310007	1	2	3	4	5	0	0	0	0	0
236017	4	310007	1	2	3	4	5	0	0	0	0	0
236017	5	310007	1	2	3	4	5	0	0	0	0	0
236017	6	310007	1	2	3	4	5	0	0	0	0	0
236017	7	310007	1	2	3	4	5	0	0	0	0	0
238011	1	16052	1	2	3	4	5	6	0	0	0	0
238011	2	16052	1	2	3	4	5	6	0	0	0	0
238011	3	16052	1	2	3	4	5	6	0	0	0	0
238011	4	16052	1	2	3	4	5	6	0	0	0	0
238011	5	16052	1	2	3	4	5	6	0	0	0	0
238011	6	16052	1	2	3	4	5	6	0	0	0	0
239007	1	189003	1	2	3	4	5	0	0	0	0	0
239007	2	189003	1	2	3	4	5	0	0	0	0	0
239007	3	189003	1	2	3	4	5	0	0	0	0	0
239007	4	189003	1	2	3	4	5	0	0	0	0	0
239007	5	189003	1	2	3	4	5	0	0	0	0	0
239096	1	301007	1	2	3	4	5	0	0	0	0	0
239096	2	301007	1	2	3	4	5	0	0	0	0	0
239096	3	301007	1	2	3	4	5	0	0	0	0	0
239096	4	301007	1	2	3	4	5	0	0	0	0	0
239096	5	301007	1	2	3	4	5	0	0	0	0	0
24004	1	246016	1	2	3	4	5	6	0	0	0	0
24004	2	246016	1	2	3	4	5	6	0	0	0	0
24004	3	246016	1	2	3	4	5	6	0	0	0	0
24004	4	246016	1	2	3	4	5	6	0	0	0	0
24004	5	246016	1	2	3	4	5	6	0	0	0	0
24063	1	202012	1	2	3	4	5	0	0	0	0	0
24063	2	202012	1	2	3	4	5	0	0	0	0	0
24063	3	202012	1	2	3	4	5	0	0	0	0	0
24063	4	202012	1	2	3	4	5	0	0	0	0	0
24063	5	202012	1	2	3	4	5	0	0	0	0	0
242078	1	109034	1	2	3	4	5	0	0	0	0	0
242078	2	109034	1	2	3	4	5	0	0	0	0	0
242078	3	109034	1	2	3	4	5	0	0	0	0	0
242078	4	109034	1	2	3	4	5	0	0	0	0	0
242078	5	109034	1	2	3	4	5	0	0	0	0	0
242078	6	109034	1	2	3	4	5	0	0	0	0	0
245051	1	207056	1	2	3	4	5	0	0	0	0	0
245051	2	207056	1	2	3	4	5	0	0	0	0	0
245051	3	207056	1	2	3	4	5	0	0	0	0	0
245051	4	207056	1	2	3	4	5	0	0	0	0	0
245051	5	207056	1	2	3	4	5	0	0	0	0	0
246016	1	187003	1	2	3	4	5	0	0	0	0	0
246016	2	187003	1	2	3	4	5	0	0	0	0	0
246016	3	187003	1	2	3	4	5	0	0	0	0	0
246016	4	187003	1	2	3	4	5	0	0	0	0	0
246016	5	187003	1	2	3	4	5	0	0	0	0	0
246016	6	187003	1	2	3	4	5	0	0	0	0	0
246053	1	46076	1	2	3	4	5	0	0	0	0	0
246053	2	46076	1	2	3	4	5	0	0	0	0	0
246053	3	46076	1	2	3	4	5	0	0	0	0	0
246053	4	46076	1	2	3	4	5	0	0	0	0	0
246053	5	46076	1	2	3	4	5	0	0	0	0	0
247085	1	105019	1	2	3	4	5	6	0	0	0	0
247085	2	105019	1	2	3	4	5	6	0	0	0	0
247085	3	105019	1	2	3	4	5	6	0	0	0	0
247085	4	105019	1	2	3	4	5	6	0	0	0	0
247085	5	105019	1	2	3	4	5	6	0	0	0	0
247085	6	105019	1	2	3	4	5	6	0	0	0	0
249061	1	106025	1	2	3	4	5	6	0	0	0	0
249061	2	106025	1	2	3	4	5	6	0	0	0	0
249061	3	106025	1	2	3	4	5	6	0	0	0	0
249061	4	106025	1	2	3	4	5	6	0	0	0	0
249061	5	106025	1	2	3	4	5	6	0	0	0	0
249087	1	147021	1	2	3	4	5	0	0	0	0	0
249087	2	147021	1	2	3	4	5	0	0	0	0	0
249087	3	147021	1	2	3	4	5	0	0	0	0	0
249087	4	147021	1	2	3	4	5	0	0	0	0	0
249087	5	147021	1	2	3	4	5	0	0	0	0	0
249087	6	147021	1	2	3	4	5	0	0	0	0	0
25098	1	187029	1	2	3	4	5	6	7	0	0	0
25098	2	187029	1	2	3	4	5	6	7	0	0	0
25098	3	187029	1	2	3	4	5	6	7	0	0	0
25098	4	187029	1	2	3	4	5	6	7	0	0	0
25098	5	187029	1	2	3	4	5	6	7	0	0	0
25098	6	187029	1	2	3	4	5	6	7	0	0	0
25098	7	187029	1	2	3	4	5	6	7	0	0	0
253036	1	314016	1	2	3	4	5	0	0	0	0	0
253036	2	314016	1	2	3	4	5	0	0	0	0	0
253036	3	314016	1	2	3	4	5	0	0	0	0	0
253036	4	314016	1	2	3	4	5	0	0	0	0	0
253036	5	314016	1	2	3	4	5	0	0	0	0	0
253036	6	314016	1	2	3	4	5	0	0	0	0	0
254033	1	254033	1	2	3	4	5	0	0	0	0	0
254033	2	254033	1	2	3	4	5	0	0	0	0	0
254033	3	254033	1	2	3	4	5	0	0	0	0	0
254033	4	254033	1	2	3	4	5	0	0	0	0	0
254033	5	254033	1	2	3	4	5	0	0	0	0	0
254054	1	370036	1	2	3	4	5	0	0	0	0	0
254054	2	370036	1	2	3	4	5	0	0	0	0	0
254054	3	370036	1	2	3	4	5	0	0	0	0	0
254054	4	370036	1	2	3	4	5	0	0	0	0	0
260081	1	173036	1	2	3	4	5	0	0	0	0	0
260081	2	173036	1	2	3	4	5	0	0	0	0	0
260081	3	173036	1	2	3	4	5	0	0	0	0	0
260081	4	173036	1	2	3	4	5	0	0	0	0	0
260081	5	173036	1	2	3	4	5	0	0	0	0	0
260081	6	173036	1	2	3	4	5	0	0	0	0	0
26031	1	225017	1	2	3	4	5	0	0	0	0	0
26031	2	225017	1	2	3	4	5	0	0	0	0	0
26031	3	225017	1	2	3	4	5	0	0	0	0	0
26031	4	225017	1	2	3	4	5	0	0	0	0	0
26031	5	225017	1	2	3	4	5	0	0	0	0	0
26031	6	225017	1	2	3	4	5	0	0	0	0	0
268002	1	23025	1	2	3	4	5	0	0	0	0	0
268002	2	23025	1	2	3	4	5	0	0	0	0	0
268002	3	23025	1	2	3	4	5	0	0	0	0	0
268002	4	23025	1	2	3	4	5	0	0	0	0	0
268002	5	23025	1	2	3	4	5	0	0	0	0	0
27059	1	22013	1	2	3	4	5	0	0	0	0	0
27059	2	22013	1	2	3	4	5	0	0	0	0	0
27059	3	22013	1	2	3	4	5	0	0	0	0	0
27059	4	22013	1	2	3	4	5	0	0	0	0	0
27059	5	22013	1	2	3	4	5	0	0	0	0	0
271008	1	105053	1	2	3	4	5	0	0	0	0	0
271008	2	105053	1	2	3	4	5	0	0	0	0	0
271008	3	105053	1	2	3	4	5	0	0	0	0	0
271008	4	105053	1	2	3	4	5	0	0	0	0	0
271008	5	105053	1	2	3	4	5	0	0	0	0	0
271031	1	326038	1	2	3	4	5	6	7	0	0	0
271031	2	326038	1	2	3	4	5	6	7	0	0	0
271031	3	326038	1	2	3	4	5	6	7	0	0	0
271031	4	326038	1	2	3	4	5	6	7	0	0	0
271031	5	326038	1	2	3	4	5	6	7	0	0	0
274007	1	135069	1	2	3	4	5	0	0	0	0	0
274007	2	135069	1	2	3	4	5	0	0	0	0	0
274007	3	135069	1	2	3	4	5	0	0	0	0	0
274007	4	135069	1	2	3	4	5	0	0	0	0	0
274007	5	135069	1	2	3	4	5	0	0	0	0	0
277095	1	159045	1	2	3	4	5	0	0	0	0	0
277095	2	159045	1	2	3	4	5	0	0	0	0	0
277095	3	159045	1	2	3	4	5	0	0	0	0	0
277095	4	159045	1	2	3	4	5	0	0	0	0	0
277095	5	159045	1	2	3	4	5	0	0	0	0	0
28075	1	163062	1	2	3	4	5	0	0	0	0	0
28075	2	163062	1	2	3	4	5	0	0	0	0	0
28075	3	163062	1	2	3	4	5	0	0	0	0	0
28075	4	163062	1	2	3	4	5	0	0	0	0	0
28075	5	163062	1	2	3	4	5	0	0	0	0	0
28075	6	163062	1	2	3	4	5	0	0	0	0	0
28096	1	140075	1	2	3	4	5	0	0	0	0	0
28096	2	140075	1	2	3	4	5	0	0	0	0	0
28096	3	140075	1	2	3	4	5	0	0	0	0	0
28096	4	140075	1	2	3	4	5	0	0	0	0	0
28096	5	140075	1	2	3	4	5	0	0	0	0	0
285036	1	28096	1	2	3	4	5	0	0	0	0	0
285036	2	28096	1	2	3	4	5	0	0	0	0	0
285036	3	28096	1	2	3	4	5	0	0	0	0	0
285036	4	28096	1	2	3	4	5	0	0	0	0	0
285036	5	28096	1	2	3	4	5	0	0	0	0	0
285036	6	28096	1	2	3	4	5	0	0	0	0	0
286092	1	90076	1	2	3	4	5	0	0	0	0	0
286092	2	90076	1	2	3	4	5	0	0	0	0	0
286092	3	90076	1	2	3	4	5	0	0	0	0	0
286092	4	90076	1	2	3	4	5	0	0	0	0	0
286092	5	90076	1	2	3	4	5	0	0	0	0	0
292066	1	309004	1	2	3	4	5	0	0	0	0	0
292066	2	309004	1	2	3	4	5	0	0	0	0	0
292066	3	309004	1	2	3	4	5	0	0	0	0	0
292066	4	309004	1	2	3	4	5	0	0	0	0	0
292066	5	309004	1	2	3	4	5	0	0	0	0	0
293029	1	242078	1	2	3	4	5	6	0	0	0	0
293029	2	242078	1	2	3	4	5	6	0	0	0	0
293029	3	242078	1	2	3	4	5	6	0	0	0	0
293029	4	242078	1	2	3	4	5	6	0	0	0	0
293029	5	242078	1	2	3	4	5	6	0	0	0	0
293029	6	242078	1	2	3	4	5	6	0	0	0	0
293029	7	242078	1	2	3	4	5	6	0	0	0	0
293029	8	242078	1	2	3	4	5	6	0	0	0	0
299091	1	188063	1	2	3	4	5	0	0	0	0	0
299091	2	188063	1	2	3	4	5	0	0	0	0	0
299091	3	188063	1	2	3	4	5	0	0	0	0	0
299091	4	188063	1	2	3	4	5	0	0	0	0	0
299091	5	188063	1	2	3	4	5	0	0	0	0	0
301007	1	94079	1	2	3	4	5	0	0	0	0	0
301007	2	94079	1	2	3	4	5	0	0	0	0	0
301007	3	94079	1	2	3	4	5	0	0	0	0	0
301007	4	94079	1	2	3	4	5	0	0	0	0	0
301007	5	94079	1	2	3	4	5	0	0	0	0	0
302003	1	23084	1	2	3	4	5	6	7	0	0	0
302003	2	23084	1	2	3	4	5	6	7	0	0	0
302003	3	23084	1	2	3	4	5	6	7	0	0	0
302003	4	23084	1	2	3	4	5	6	7	0	0	0
302003	5	23084	1	2	3	4	5	6	7	0	0	0
309004	1	100080	1	2	3	4	5	0	0	0	0	0
309004	2	100080	1	2	3	4	5	0	0	0	0	0
309004	3	100080	1	2	3	4	5	0	0	0	0	0
309004	4	100080	1	2	3	4	5	0	0	0	0	0
309004	5	100080	1	2	3	4	5	0	0	0	0	0
310007	1	247085	1	2	3	4	5	6	0	0	0	0
310007	2	247085	1	2	3	4	5	6	0	0	0	0
310007	3	247085	1	2	3	4	5	6	0	0	0	0
310007	4	247085	1	2	3	4	5	6	0	0	0	0
310007	5	247085	1	2	3	4	5	6	0	0	0	0
311068	1	198023	1	2	3	4	5	6	0	0	0	0
311068	2	198023	1	2	3	4	5	6	0	0	0	0
311068	3	198023	1	2	3	4	5	6	0	0	0	0
311068	4	198023	1	2	3	4	5	6	0	0	0	0
311068	5	198023	1	2	3	4	5	6	0	0	0	0
311081	1	285036	1	2	3	4	5	6	0	0	0	0
311081	2	285036	1	2	3	4	5	6	0	0	0	0
311081	3	285036	1	2	3	4	5	6	0	0	0	0
311081	4	285036	1	2	3	4	5	6	0	0	0	0
311081	5	285036	1	2	3	4	5	6	0	0	0	0
314016	1	166081	1	2	3	4	5	6	0	0	0	0
314016	2	166081	1	2	3	4	5	6	0	0	0	0
314016	3	166081	1	2	3	4	5	6	0	0	0	0
314016	4	166081	1	2	3	4	5	6	0	0	0	0
314016	5	166081	1	2	3	4	5	6	0	0	0	0
317080	1	161062	1	2	3	4	5	0	0	0	0	0
317080	2	161062	1	2	3	4	5	0	0	0	0	0
317080	3	161062	1	2	3	4	5	0	0	0	0	0
317080	4	161062	1	2	3	4	5	0	0	0	0	0
317080	5	161062	1	2	3	4	5	0	0	0	0	0
323016	1	66039	1	2	3	4	5	6	0	0	0	0
323016	2	66039	1	2	3	4	5	6	0	0	0	0
323016	3	66039	1	2	3	4	5	6	0	0	0	0
323016	4	66039	1	2	3	4	5	6	0	0	0	0
323016	5	66039	1	2	3	4	5	6	0	0	0	0
323016	6	66039	1	2	3	4	5	6	0	0	0	0
326038	1	323016	1	2	3	4	5	6	0	0	0	0
326038	2	323016	1	2	3	4	5	6	0	0	0	0
326038	3	323016	1	2	3	4	5	6	0	0	0	0
326038	4	323016	1	2	3	4	5	6	0	0	0	0
326038	5	323016	1	2	3	4	5	6	0	0	0	0
326038	6	323016	1	2	3	4	5	6	0	0	0	0
326038	7	323016	1	2	3	4	5	6	0	0	0	0
33066	1	108041	1	2	3	4	5	0	0	0	0	0
33066	2	108041	1	2	3	4	5	0	0	0	0	0
33066	3	108041	1	2	3	4	5	0	0	0	0	0
33066	4	108041	1	2	3	4	5	0	0	0	0	0
33066	5	108041	1	2	3	4	5	0	0	0	0	0
35008	1	286092	1	2	3	4	5	0	0	0	0	0
35008	2	286092	1	2	3	4	5	0	0	0	0	0
35008	3	286092	1	2	3	4	5	0	0	0	0	0
35008	4	286092	1	2	3	4	5	0	0	0	0	0
35008	5	286092	1	2	3	4	5	0	0	0	0	0
35010	1	216053	1	2	3	4	5	0	0	0	0	0
35010	2	216053	1	2	3	4	5	0	0	0	0	0
35010	3	216053	1	2	3	4	5	0	0	0	0	0
35010	4	216053	1	2	3	4	5	0	0	0	0	0
35010	5	216053	1	2	3	4	5	0	0	0	0	0
35058	1	249061	1	2	3	4	5	0	0	0	0	0
35058	2	249061	1	2	3	4	5	0	0	0	0	0
35058	3	249061	1	2	3	4	5	0	0	0	0	0
35058	4	249061	1	2	3	4	5	0	0	0	0	0
35058	5	249061	1	2	3	4	5	0	0	0	0	0
35070	1	60079	1	2	3	4	5	0	0	0	0	0
35070	2	60079	1	2	3	4	5	0	0	0	0	0
35070	3	60079	1	2	3	4	5	0	0	0	0	0
35070	4	60079	1	2	3	4	5	0	0	0	0	0
35070	5	60079	1	2	3	4	5	0	0	0	0	0
35091	1	15088	1	2	3	4	5	0	0	0	0	0
35091	2	15088	1	2	3	4	5	0	0	0	0	0
35091	3	15088	1	2	3	4	5	0	0	0	0	0
35091	4	15088	1	2	3	4	5	0	0	0	0	0
35091	5	15088	1	2	3	4	5	0	0	0	0	0
35091	6	15088	1	2	3	4	5	0	0	0	0	0
353013	1	249087	1	2	3	4	5	6	0	0	0	0
353013	2	249087	1	2	3	4	5	6	0	0	0	0
353013	3	249087	1	2	3	4	5	6	0	0	0	0
353013	4	249087	1	2	3	4	5	6	0	0	0	0
353013	5	249087	1	2	3	4	5	6	0	0	0	0
361084	1	271031	1	2	3	4	5	0	0	0	0	0
361084	2	271031	1	2	3	4	5	0	0	0	0	0
361084	3	271031	1	2	3	4	5	0	0	0	0	0
361084	4	271031	1	2	3	4	5	0	0	0	0	0
361084	5	271031	1	2	3	4	5	0	0	0	0	0
365025	1	151087	1	2	3	4	5	0	0	0	0	0
365025	2	151087	1	2	3	4	5	0	0	0	0	0
365025	3	151087	1	2	3	4	5	0	0	0	0	0
365025	4	151087	1	2	3	4	5	0	0	0	0	0
365025	5	151087	1	2	3	4	5	0	0	0	0	0
365073	1	130034	1	2	3	4	5	0	0	0	0	0
365073	2	130034	1	2	3	4	5	0	0	0	0	0
365073	3	130034	1	2	3	4	5	0	0	0	0	0
365073	4	130034	1	2	3	4	5	0	0	0	0	0
365073	5	130034	1	2	3	4	5	0	0	0	0	0
368016	1	138078	1	2	3	4	5	6	0	0	0	0
368016	2	138078	1	2	3	4	5	6	0	0	0	0
368016	3	138078	1	2	3	4	5	6	0	0	0	0
368016	4	138078	1	2	3	4	5	6	0	0	0	0
368016	5	138078	1	2	3	4	5	6	0	0	0	0
368016	6	138078	1	2	3	4	5	6	0	0	0	0
368078	1	95006	1	2	3	4	5	0	0	0	0	0
368078	2	95006	1	2	3	4	5	0	0	0	0	0
368078	3	95006	1	2	3	4	5	0	0	0	0	0
368078	4	95006	1	2	3	4	5	0	0	0	0	0
368078	5	95006	1	2	3	4	5	0	0	0	0	0
368078	6	95006	1	2	3	4	5	0	0	0	0	0
368078	7	95006	1	2	3	4	5	0	0	0	0	0
370036	1	187071	1	2	3	4	5	6	0	0	0	0
370036	2	187071	1	2	3	4	5	6	0	0	0	0
370036	3	187071	1	2	3	4	5	6	0	0	0	0
370036	4	187071	1	2	3	4	5	6	0	0	0	0
370036	5	187071	1	2	3	4	5	6	0	0	0	0
372047	1	385028	1	2	3	4	5	0	0	0	0	0
372047	2	385028	1	2	3	4	5	0	0	0	0	0
372047	3	385028	1	2	3	4	5	0	0	0	0	0
372047	4	385028	1	2	3	4	5	0	0	0	0	0
372047	5	385028	1	2	3	4	5	0	0	0	0	0
374020	1	23080	1	2	3	4	5	0	0	0	0	0
374020	2	23080	1	2	3	4	5	0	0	0	0	0
374020	3	23080	1	2	3	4	5	0	0	0	0	0
374020	4	23080	1	2	3	4	5	0	0	0	0	0
374020	5	23080	1	2	3	4	5	0	0	0	0	0
374067	1	232038	1	2	3	4	5	0	0	0	0	0
374067	2	232038	1	2	3	4	5	0	0	0	0	0
374067	3	232038	1	2	3	4	5	0	0	0	0	0
374067	4	232038	1	2	3	4	5	0	0	0	0	0
374067	5	232038	1	2	3	4	5	0	0	0	0	0
376001	1	299091	1	2	3	4	5	0	0	0	0	0
376001	2	299091	1	2	3	4	5	0	0	0	0	0
376001	3	299091	1	2	3	4	5	0	0	0	0	0
376001	4	299091	1	2	3	4	5	0	0	0	0	0
376001	5	299091	1	2	3	4	5	0	0	0	0	0
376020	1	376001	1	2	3	4	5	0	0	0	0	0
376020	2	376001	1	2	3	4	5	0	0	0	0	0
376020	3	376001	1	2	3	4	5	0	0	0	0	0
376020	4	376001	1	2	3	4	5	0	0	0	0	0
376020	5	376001	1	2	3	4	5	0	0	0	0	0
376020	6	376001	1	2	3	4	5	0	0	0	0	0
385028	1	135037	1	2	3	4	5	0	0	0	0	0
385028	2	135037	1	2	3	4	5	0	0	0	0	0
385028	3	135037	1	2	3	4	5	0	0	0	0	0
385028	4	135037	1	2	3	4	5	0	0	0	0	0
385028	5	135037	1	2	3	4	5	0	0	0	0	0
388016	1	59078	1	2	3	4	5	0	0	0	0	0
388016	2	59078	1	2	3	4	5	0	0	0	0	0
388016	3	59078	1	2	3	4	5	0	0	0	0	0
388016	4	59078	1	2	3	4	5	0	0	0	0	0
388016	5	59078	1	2	3	4	5	0	0	0	0	0
388016	6	59078	1	2	3	4	5	0	0	0	0	0
41004	1	164074	1	2	3	4	5	0	0	0	0	0
41004	2	164074	1	2	3	4	5	0	0	0	0	0
41004	3	164074	1	2	3	4	5	0	0	0	0	0
41004	4	164074	1	2	3	4	5	0	0	0	0	0
41004	5	164074	1	2	3	4	5	0	0	0	0	0
41025	1	42044	1	2	3	4	5	6	0	0	0	0
41025	2	42044	1	2	3	4	5	6	0	0	0	0
41025	3	42044	1	2	3	4	5	6	0	0	0	0
41025	4	42044	1	2	3	4	5	6	0	0	0	0
41025	5	42044	1	2	3	4	5	6	0	0	0	0
42044	1	65074	1	2	3	4	5	0	0	0	0	0
42044	2	65074	1	2	3	4	5	0	0	0	0	0
42044	3	65074	1	2	3	4	5	0	0	0	0	0
42044	4	65074	1	2	3	4	5	0	0	0	0	0
42044	5	65074	1	2	3	4	5	0	0	0	0	0
42044	6	65074	1	2	3	4	5	0	0	0	0	0
42078	1	268002	1	2	3	4	5	0	0	0	0	0
42078	2	268002	1	2	3	4	5	0	0	0	0	0
42078	3	268002	1	2	3	4	5	0	0	0	0	0
42078	4	268002	1	2	3	4	5	0	0	0	0	0
42078	5	268002	1	2	3	4	5	0	0	0	0	0
42078	6	268002	1	2	3	4	5	0	0	0	0	0
42078	7	268002	1	2	3	4	5	0	0	0	0	0
43070	1	246053	1	2	3	4	5	0	0	0	0	0
43070	2	246053	1	2	3	4	5	0	0	0	0	0
43070	3	246053	1	2	3	4	5	0	0	0	0	0
43070	4	246053	1	2	3	4	5	0	0	0	0	0
43070	5	246053	1	2	3	4	5	0	0	0	0	0
43083	1	12074	1	2	3	4	5	0	0	0	0	0
43083	2	12074	1	2	3	4	5	0	0	0	0	0
43083	3	12074	1	2	3	4	5	0	0	0	0	0
43083	4	12074	1	2	3	4	5	0	0	0	0	0
43083	5	12074	1	2	3	4	5	0	0	0	0	0
45077	1	169012	1	2	3	4	5	6	7	8	9	0
45077	2	169012	1	2	3	4	5	6	7	8	9	0
45077	3	169012	1	2	3	4	5	6	7	8	9	0
45077	4	169012	1	2	3	4	5	6	7	8	9	0
45077	5	169012	1	2	3	4	5	6	7	8	9	0
46076	1	112082	1	2	3	4	5	0	0	0	0	0
46076	2	112082	1	2	3	4	5	0	0	0	0	0
46076	3	112082	1	2	3	4	5	0	0	0	0	0
46076	4	112082	1	2	3	4	5	0	0	0	0	0
46076	5	112082	1	2	3	4	5	0	0	0	0	0
48055	1	376020	1	2	3	4	5	6	0	0	0	0
48055	2	376020	1	2	3	4	5	6	0	0	0	0
48055	3	376020	1	2	3	4	5	6	0	0	0	0
48055	4	376020	1	2	3	4	5	6	0	0	0	0
48055	5	376020	1	2	3	4	5	6	0	0	0	0
48055	6	376020	1	2	3	4	5	6	0	0	0	0
54005	1	271008	1	2	3	4	5	0	0	0	0	0
54005	2	271008	1	2	3	4	5	0	0	0	0	0
54005	3	271008	1	2	3	4	5	0	0	0	0	0
54005	4	271008	1	2	3	4	5	0	0	0	0	0
54005	5	271008	1	2	3	4	5	0	0	0	0	0
54005	6	271008	1	2	3	4	5	0	0	0	0	0
54005	7	271008	1	2	3	4	5	0	0	0	0	0
55067	1	106020	1	2	3	4	5	0	0	0	0	0
55067	2	106020	1	2	3	4	5	0	0	0	0	0
55067	3	106020	1	2	3	4	5	0	0	0	0	0
55067	4	106020	1	2	3	4	5	0	0	0	0	0
55067	5	106020	1	2	3	4	5	0	0	0	0	0
55067	6	106020	1	2	3	4	5	0	0	0	0	0
55075	1	35058	1	2	3	4	5	0	0	0	0	0
55075	2	35058	1	2	3	4	5	0	0	0	0	0
55075	3	35058	1	2	3	4	5	0	0	0	0	0
55075	4	35058	1	2	3	4	5	0	0	0	0	0
55075	5	35058	1	2	3	4	5	0	0	0	0	0
55075	6	35058	1	2	3	4	5	0	0	0	0	0
56028	1	15004	1	2	3	4	5	6	0	0	0	0
56028	2	15004	1	2	3	4	5	6	0	0	0	0
56028	3	15004	1	2	3	4	5	6	0	0	0	0
56028	4	15004	1	2	3	4	5	6	0	0	0	0
56028	5	15004	1	2	3	4	5	6	0	0	0	0
59078	1	353013	1	2	3	4	5	0	0	0	0	0
59078	2	353013	1	2	3	4	5	0	0	0	0	0
59078	3	353013	1	2	3	4	5	0	0	0	0	0
59078	4	353013	1	2	3	4	5	0	0	0	0	0
59078	5	353013	1	2	3	4	5	0	0	0	0	0
60079	1	55067	1	2	3	4	5	6	0	0	0	0
60079	2	55067	1	2	3	4	5	6	0	0	0	0
60079	3	55067	1	2	3	4	5	6	0	0	0	0
60079	4	55067	1	2	3	4	5	6	0	0	0	0
60079	5	55067	1	2	3	4	5	6	0	0	0	0
61060	1	189011	1	2	3	4	5	0	0	0	0	0
61060	2	189011	1	2	3	4	5	0	0	0	0	0
61060	3	189011	1	2	3	4	5	0	0	0	0	0
61060	4	189011	1	2	3	4	5	0	0	0	0	0
61060	5	189011	1	2	3	4	5	0	0	0	0	0
61086	1	145053	1	2	3	4	5	0	0	0	0	0
61086	2	145053	1	2	3	4	5	0	0	0	0	0
61086	3	145053	1	2	3	4	5	0	0	0	0	0
61086	4	145053	1	2	3	4	5	0	0	0	0	0
61086	5	145053	1	2	3	4	5	0	0	0	0	0
61086	6	145053	1	2	3	4	5	0	0	0	0	0
61086	7	145053	1	2	3	4	5	0	0	0	0	0
61086	8	145053	1	2	3	4	5	0	0	0	0	0
65010	1	108073	1	2	3	4	5	0	0	0	0	0
65010	2	108073	1	2	3	4	5	0	0	0	0	0
65010	3	108073	1	2	3	4	5	0	0	0	0	0
65010	4	108073	1	2	3	4	5	0	0	0	0	0
65010	5	108073	1	2	3	4	5	0	0	0	0	0
65010	6	108073	1	2	3	4	5	0	0	0	0	0
65019	1	71046	1	2	3	4	5	0	0	0	0	0
65019	2	71046	1	2	3	4	5	0	0	0	0	0
65019	3	71046	1	2	3	4	5	0	0	0	0	0
65019	4	71046	1	2	3	4	5	0	0	0	0	0
65019	5	71046	1	2	3	4	5	0	0	0	0	0
65019	6	71046	1	2	3	4	5	0	0	0	0	0
65019	7	71046	1	2	3	4	5	0	0	0	0	0
65074	1	144067	1	2	3	4	5	6	7	0	0	0
65074	2	144067	1	2	3	4	5	6	7	0	0	0
65074	3	144067	1	2	3	4	5	6	7	0	0	0
65074	4	144067	1	2	3	4	5	6	7	0	0	0
65074	5	144067	1	2	3	4	5	6	7	0	0	0
65132	1	124084	1	2	3	4	5	0	0	0	0	0
65132	2	124084	1	2	3	4	5	0	0	0	0	0
65132	3	124084	1	2	3	4	5	0	0	0	0	0
65132	4	124084	1	2	3	4	5	0	0	0	0	0
65132	5	124084	1	2	3	4	5	0	0	0	0	0
65132	6	124084	1	2	3	4	5	0	0	0	0	0
65132	7	124084	1	2	3	4	5	0	0	0	0	0
66039	1	97017	1	2	3	4	5	6	0	0	0	0
66039	2	97017	1	2	3	4	5	6	0	0	0	0
66039	3	97017	1	2	3	4	5	6	0	0	0	0
66039	4	97017	1	2	3	4	5	6	0	0	0	0
66039	5	97017	1	2	3	4	5	6	0	0	0	0
66039	6	97017	1	2	3	4	5	6	0	0	0	0
66075	1	145014	1	2	3	4	5	0	0	0	0	0
66075	2	145014	1	2	3	4	5	0	0	0	0	0
66075	3	145014	1	2	3	4	5	0	0	0	0	0
66075	4	145014	1	2	3	4	5	0	0	0	0	0
66075	5	145014	1	2	3	4	5	0	0	0	0	0
67079	1	118035	1	2	3	4	5	0	0	0	0	0
67079	2	118035	1	2	3	4	5	0	0	0	0	0
67079	3	118035	1	2	3	4	5	0	0	0	0	0
67079	4	118035	1	2	3	4	5	0	0	0	0	0
67079	5	118035	1	2	3	4	5	0	0	0	0	0
68077	1	43083	1	2	3	4	5	0	0	0	0	0
68077	2	43083	1	2	3	4	5	0	0	0	0	0
68077	3	43083	1	2	3	4	5	0	0	0	0	0
68077	4	43083	1	2	3	4	5	0	0	0	0	0
68077	5	43083	1	2	3	4	5	0	0	0	0	0
68077	6	43083	1	2	3	4	5	0	0	0	0	0
71046	1	22090	1	2	3	4	5	6	0	0	0	0
71046	2	22090	1	2	3	4	5	6	0	0	0	0
71046	3	22090	1	2	3	4	5	6	0	0	0	0
71046	4	22090	1	2	3	4	5	6	0	0	0	0
71046	5	22090	1	2	3	4	5	6	0	0	0	0
76002	1	140055	1	2	3	4	5	0	0	0	0	0
76002	2	140055	1	2	3	4	5	0	0	0	0	0
76002	3	140055	1	2	3	4	5	0	0	0	0	0
76002	4	140055	1	2	3	4	5	0	0	0	0	0
76002	5	140055	1	2	3	4	5	0	0	0	0	0
78019	1	245051	1	2	3	4	5	0	0	0	0	0
78019	2	245051	1	2	3	4	5	0	0	0	0	0
78019	3	245051	1	2	3	4	5	0	0	0	0	0
78019	4	245051	1	2	3	4	5	0	0	0	0	0
78019	5	245051	1	2	3	4	5	0	0	0	0	0
80099	1	176039	1	2	3	4	5	0	0	0	0	0
80099	2	176039	1	2	3	4	5	0	0	0	0	0
80099	3	176039	1	2	3	4	5	0	0	0	0	0
80099	4	176039	1	2	3	4	5	0	0	0	0	0
80099	5	176039	1	2	3	4	5	0	0	0	0	0
8049	1	196015	1	2	3	4	5	0	0	0	0	0
8049	2	196015	1	2	3	4	5	0	0	0	0	0
8049	3	196015	1	2	3	4	5	0	0	0	0	0
8049	4	196015	1	2	3	4	5	0	0	0	0	0
8049	5	196015	1	2	3	4	5	0	0	0	0	0
8143	1	134008	1	2	3	4	5	0	0	0	0	0
8143	2	134008	1	2	3	4	5	0	0	0	0	0
8143	3	134008	1	2	3	4	5	0	0	0	0	0
8143	4	134008	1	2	3	4	5	0	0	0	0	0
87065	1	76002	1	2	3	4	5	0	0	0	0	0
87065	2	76002	1	2	3	4	5	0	0	0	0	0
87065	3	76002	1	2	3	4	5	0	0	0	0	0
87065	4	76002	1	2	3	4	5	0	0	0	0	0
87065	5	76002	1	2	3	4	5	0	0	0	0	0
90076	1	103041	1	2	3	4	5	6	0	0	0	0
90076	2	103041	1	2	3	4	5	6	0	0	0	0
90076	3	103041	1	2	3	4	5	6	0	0	0	0
90076	4	103041	1	2	3	4	5	6	0	0	0	0
90076	5	103041	1	2	3	4	5	6	0	0	0	0
92059	1	41004	1	2	3	4	5	0	0	0	0	0
92059	2	41004	1	2	3	4	5	0	0	0	0	0
92059	3	41004	1	2	3	4	5	0	0	0	0	0
92059	4	41004	1	2	3	4	5	0	0	0	0	0
92059	5	41004	1	2	3	4	5	0	0	0	0	0
94079	1	198004	1	2	3	4	5	0	0	0	0	0
94079	2	198004	1	2	3	4	5	0	0	0	0	0
94079	3	198004	1	2	3	4	5	0	0	0	0	0
94079	4	198004	1	2	3	4	5	0	0	0	0	0
94079	5	198004	1	2	3	4	5	0	0	0	0	0
95006	1	12003	1	2	3	4	5	0	0	0	0	0
95006	2	12003	1	2	3	4	5	0	0	0	0	0
95006	3	12003	1	2	3	4	5	0	0	0	0	0
95006	4	12003	1	2	3	4	5	0	0	0	0	0
95006	5	12003	1	2	3	4	5	0	0	0	0	0
97017	1	311068	1	2	3	4	5	0	0	0	0	0
97017	2	311068	1	2	3	4	5	0	0	0	0	0
97017	3	311068	1	2	3	4	5	0	0	0	0	0
97017	4	311068	1	2	3	4	5	0	0	0	0	0
97017	5	311068	1	2	3	4	5	0	0	0	0	0
97017	6	311068	1	2	3	4	5	0	0	0	0	0
