0.387018	0.333490	0.461013	8171.000000	17724.000000	2127.000000	6378.000000
0.522570	0.513670	0.531785	8424.000000	15841.000000	3382.000000	6584.000000
0.786438	0.780298	0.792676	17599.000000	22202.000000	5814.000000	7451.000000
0.382246	0.293021	0.549599	6787.000000	12349.000000	2028.000000	6921.000000
0.579799	0.552590	0.609826	15292.000000	25076.000000	3520.000000	6370.000000
0.276463	0.164823	0.856825	6924.000000	8081.000000	1296.000000	7863.000000
0.335041	0.244970	0.529859	4250.000000	8021.000000	1388.000000	5666.000000
0.330466	0.242884	0.516833	4621.000000	8941.000000	1570.000000	6464.000000
0.545226	0.542337	0.548147	7144.000000	13033.000000	1518.000000	2799.000000
0.388350	0.276255	0.653528	6002.000000	9184.000000	2278.000000	8246.000000
0.411497	0.326722	0.555680	6437.000000	11584.000000	1779.000000	5445.000000
0.379582	0.247879	0.809900	6250.000000	7717.000000	1753.000000	7072.000000
0.442300	0.313328	0.751727	8708.000000	11584.000000	2224.000000	7098.000000
0.709026	0.773102	0.654758	11876.000000	18138.000000	3472.000000	4491.000000
0.628122	0.496289	0.855329	14615.000000	17087.000000	3210.000000	6468.000000
0.541083	0.393305	0.866752	13608.000000	15700.000000	2667.000000	6781.000000
0.572731	0.478823	0.712462	11606.000000	16290.000000	3075.000000	6422.000000
0.674944	0.705434	0.646981	13661.000000	21115.000000	4440.000000	6294.000000
0.709344	0.633457	0.805888	10101.000000	12534.000000	3071.000000	4848.000000
0.602165	0.488497	0.784774	9772.000000	12452.000000	3355.000000	6868.000000
0.562213	0.440837	0.775819	6160.000000	7940.000000	2254.000000	5113.000000
0.503674	0.442275	0.584868	5875.000000	10045.000000	2084.000000	4712.000000
0.741417	0.707897	0.778269	12843.000000	16502.000000	4464.000000	6306.000000
0.644984	0.690249	0.605290	12403.000000	20491.000000	4127.000000	5979.000000
0.299641	0.188749	0.726412	4681.000000	6444.000000	1775.000000	9404.000000
0.284492	0.176535	0.732339	4126.000000	5634.000000	1127.000000	6384.000000
0.434348	0.310608	0.721961	7377.000000	10218.000000	1950.000000	6278.000000
0.554795	0.525267	0.587840	5076.000000	8635.000000	2557.000000	4868.000000
0.253285	0.147119	0.909910	3333.000000	3663.000000	720.000000	4894.000000
0.397731	0.279026	0.692216	6376.000000	9211.000000	2682.000000	9612.000000
0.703983	0.603194	0.845212	12144.000000	14368.000000	3890.000000	6449.000000
0.521598	0.419389	0.689679	9850.000000	14282.000000	3132.000000	7468.000000
0.699143	0.626196	0.791327	12135.000000	15335.000000	4255.000000	6795.000000
0.453230	0.323480	0.756781	11606.000000	15336.000000	2309.000000	7138.000000
0.704802	0.699651	0.710029	13154.000000	18526.000000	4815.000000	6882.000000
0.658656	0.580822	0.760579	14343.000000	18858.000000	4028.000000	6935.000000
0.323478	0.229744	0.546409	5151.000000	9427.000000	1534.000000	6677.000000
0.535295	0.429211	0.711035	8718.000000	12261.000000	3262.000000	7600.000000
0.661434	0.653172	0.669908	14330.000000	21391.000000	4808.000000	7361.000000
0.177022	0.104145	0.589616	3191.000000	5412.000000	789.000000	7576.000000
0.609813	0.481810	0.830437	13953.000000	16802.000000	3152.000000	6542.000000
0.543159	0.542727	0.543592	8542.000000	15714.000000	2623.000000	4833.000000
0.684394	0.786111	0.605985	12636.000000	20852.000000	4392.000000	5587.000000
0.552828	0.453492	0.707887	11964.000000	16901.000000	2857.000000	6300.000000
0.717063	0.656314	0.790205	13085.000000	16559.000000	3508.000000	5345.000000
0.694128	0.582867	0.857887	12852.000000	14981.000000	3960.000000	6794.000000
0.384118	0.310113	0.504513	6540.000000	12963.000000	2217.000000	7149.000000
0.585850	0.533933	0.648951	14262.000000	21977.000000	4335.000000	8119.000000
0.491251	0.351561	0.815138	9520.000000	11679.000000	2578.000000	7333.000000
0.474386	0.401035	0.580577	6337.000000	10915.000000	2713.000000	6765.000000
0.560614	0.413628	0.869651	7499.000000	8623.000000	1815.000000	4388.000000
0.616907	0.475425	0.878272	16342.000000	18607.000000	3018.000000	6348.000000
0.549504	0.401541	0.870137	11518.000000	13237.000000	2918.000000	7267.000000
0.303560	0.197039	0.660788	4946.000000	7485.000000	1544.000000	7836.000000
0.606134	0.551402	0.672929	12573.000000	18684.000000	3481.000000	6313.000000
0.435859	0.339136	0.609767	17032.000000	27932.000000	2669.000000	7870.000000
0.628712	0.585806	0.678400	11853.000000	17472.000000	3632.000000	6200.000000
0.746916	0.697818	0.803446	11985.000000	14917.000000	3614.000000	5179.000000
0.356529	0.266656	0.537782	4932.000000	9171.000000	1617.000000	6064.000000
0.475220	0.385847	0.618478	12505.000000	20219.000000	2988.000000	7744.000000
0.603323	0.519601	0.719206	12717.000000	17682.000000	2969.000000	5714.000000
0.406278	0.262193	0.901918	5361.000000	5944.000000	1559.000000	5946.000000
0.532450	0.409976	0.759271	7248.000000	9546.000000	2063.000000	5032.000000
0.614710	0.573086	0.662853	10198.000000	15385.000000	2717.000000	4741.000000
0.583323	0.509171	0.682756	12278.000000	17983.000000	3137.000000	6161.000000
0.713218	0.632979	0.816752	11272.000000	13801.000000	2975.000000	4700.000000
0.537497	0.449151	0.669106	7405.000000	11067.000000	3043.000000	6775.000000
0.394022	0.274189	0.699913	6470.000000	9244.000000	2131.000000	7772.000000
0.350538	0.302863	0.416025	5727.000000	13766.000000	2031.000000	6706.000000
0.590227	0.462026	0.816894	13143.000000	16089.000000	2695.000000	5833.000000
0.395074	0.259906	0.823185	7314.000000	8885.000000	2040.000000	7849.000000
0.576153	0.461337	0.767055	10873.000000	14175.000000	3001.000000	6505.000000
0.484960	0.346811	0.806034	5851.000000	7259.000000	2556.000000	7370.000000
0.529276	0.445462	0.651939	9650.000000	14802.000000	2577.000000	5785.000000
0.459394	0.357828	0.641470	6212.000000	9684.000000	2089.000000	5838.000000
0.529582	0.419132	0.719074	5127.000000	7130.000000	1998.000000	4767.000000
0.719949	0.673950	0.772686	8600.000000	11130.000000	3979.000000	5904.000000
0.551111	0.450291	0.710103	8828.000000	12432.000000	2944.000000	6538.000000
0.539066	0.514056	0.566633	9673.000000	17071.000000	2688.000000	5229.000000
0.669916	0.556831	0.840638	12755.000000	15173.000000	3493.000000	6273.000000
0.477321	0.331677	0.851012	13029.000000	15310.000000	2536.000000	7646.000000
0.476380	0.415080	0.558924	8352.000000	14943.000000	2158.000000	5199.000000
0.522763	0.428428	0.670370	8869.000000	13230.000000	2568.000000	5994.000000
0.657790	0.574165	0.769927	13774.000000	17890.000000	3987.000000	6944.000000
0.442215	0.298252	0.854835	7408.000000	8666.000000	1740.000000	5834.000000
0.674867	0.657895	0.692739	13595.000000	19625.000000	4850.000000	7372.000000
0.486179	0.423143	0.571284	12386.000000	21681.000000	1971.000000	4658.000000
0.461293	0.349883	0.676800	9840.000000	14539.000000	2086.000000	5962.000000
0.516934	0.413198	0.690219	9632.000000	13955.000000	2730.000000	6607.000000
0.564154	0.468720	0.708384	6962.000000	9828.000000	3394.000000	7241.000000
0.736189	0.764020	0.710315	9379.000000	13204.000000	4455.000000	5831.000000
0.609203	0.570300	0.653802	15229.000000	23293.000000	3537.000000	6202.000000
0.612864	0.554280	0.685295	14065.000000	20524.000000	3186.000000	5748.000000
0.486707	0.350509	0.796015	7871.000000	9888.000000	2272.000000	6482.000000
0.542735	0.402543	0.832756	9376.000000	11259.000000	3166.000000	7865.000000
0.574770	0.469254	0.741505	10846.000000	14627.000000	3289.000000	7009.000000
0.563157	0.452033	0.746725	10204.000000	13665.000000	2601.000000	5754.000000
0.684675	0.727214	0.646839	14169.000000	21905.000000	4476.000000	6155.000000
0.576063	0.481504	0.716838	12359.000000	17241.000000	3202.000000	6650.000000
0.697714	0.627891	0.785008	15080.000000	19210.000000	4696.000000	7479.000000
0.623038	0.522454	0.771584	11600.000000	15034.000000	3083.000000	5901.000000
0.522417	0.413296	0.709831	14137.000000	19916.000000	3413.000000	8258.000000
0.775123	0.677889	0.904923	17170.000000	18974.000000	3262.000000	4812.000000
0.600771	0.615176	0.587026	13990.000000	23832.000000	3624.000000	5891.000000
0.569852	0.504279	0.655028	10787.000000	16468.000000	3005.000000	5959.000000
0.582105	0.496460	0.703459	8298.000000	11796.000000	3226.000000	6498.000000
0.498021	0.469484	0.530252	7800.000000	14710.000000	2377.000000	5063.000000
0.781565	0.815562	0.750289	19494.000000	25982.000000	5293.000000	6490.000000
0.744935	0.681893	0.820820	15667.000000	19087.000000	3732.000000	5473.000000
0.687041	0.631694	0.753020	13342.000000	17718.000000	2902.000000	4594.000000
0.579215	0.483615	0.721924	9803.000000	13579.000000	3350.000000	6927.000000
0.593652	0.554771	0.638393	11410.000000	17873.000000	3221.000000	5806.000000
0.518275	0.381583	0.807565	9266.000000	11474.000000	2449.000000	6418.000000
0.490324	0.379192	0.693605	11106.000000	16012.000000	3087.000000	8141.000000
0.821917	0.834336	0.809863	23205.000000	28653.000000	5550.000000	6652.000000
0.459042	0.324367	0.784944	8008.000000	10202.000000	1423.000000	4387.000000
0.386839	0.251206	0.840818	7770.000000	9241.000000	2239.000000	8913.000000
0.452807	0.326967	0.736119	7345.000000	9978.000000	2602.000000	7958.000000
0.416285	0.330142	0.563253	8878.000000	15762.000000	2448.000000	7415.000000
0.247716	0.149880	0.713391	5807.000000	8140.000000	1125.000000	7506.000000
0.383721	0.266506	0.684996	6378.000000	9311.000000	1881.000000	7058.000000
0.625349	0.563945	0.701758	11579.000000	16500.000000	3682.000000	6529.000000
0.671271	0.599386	0.762750	12683.000000	16628.000000	3709.000000	6188.000000
0.464373	0.321345	0.836850	3847.000000	4597.000000	956.000000	2975.000000
0.523653	0.538066	0.509992	10744.000000	21067.000000	4184.000000	7776.000000
0.638699	0.540515	0.780471	15131.000000	19387.000000	4516.000000	8355.000000
0.446898	0.305011	0.835611	7889.000000	9441.000000	2319.000000	7603.000000
0.148917	0.083090	0.716770	1154.000000	1610.000000	541.000000	6511.000000
0.640914	0.694181	0.595239	12253.000000	20585.000000	3507.000000	5052.000000
0.648279	0.672529	0.625716	12784.000000	20431.000000	3709.000000	5515.000000
0.447053	0.336253	0.666760	9554.000000	14329.000000	2534.000000	7536.000000
0.466277	0.341244	0.735918	13535.000000	18392.000000	2430.000000	7121.000000
0.409759	0.291431	0.689859	5007.000000	7258.000000	1646.000000	5648.000000
0.612326	0.604483	0.620375	11887.000000	19161.000000	3856.000000	6379.000000
0.717637	0.735428	0.700686	15619.000000	22291.000000	3886.000000	5284.000000
0.475630	0.342533	0.777893	7502.000000	9644.000000	2569.000000	7500.000000
0.557420	0.404799	0.894774	8971.000000	10026.000000	2058.000000	5084.000000
0.406527	0.297348	0.642400	7024.000000	10934.000000	2041.000000	6864.000000
0.374221	0.255793	0.696854	8041.000000	11539.000000	2252.000000	8804.000000
0.441215	0.324303	0.689937	7926.000000	11488.000000	2478.000000	7641.000000
0.683169	0.604936	0.784642	11138.000000	14195.000000	3162.000000	5227.000000
0.724747	0.721389	0.728136	14187.000000	19484.000000	3801.000000	5269.000000
0.321150	0.203421	0.762373	9073.000000	11901.000000	1891.000000	9296.000000
0.675739	0.680801	0.670751	12097.000000	18035.000000	4624.000000	6792.000000
0.730337	0.702916	0.759984	11494.000000	15124.000000	3736.000000	5315.000000
0.756104	0.759466	0.752772	18196.000000	24172.000000	5235.000000	6893.000000
0.514247	0.374186	0.821889	8163.000000	9932.000000	2528.000000	6756.000000
0.417113	0.291596	0.732353	9016.000000	12311.000000	1898.000000	6509.000000
0.613280	0.508888	0.771553	17532.000000	22723.000000	4609.000000	9057.000000
0.546654	0.434429	0.737055	8726.000000	11839.000000	2564.000000	5902.000000
0.679737	0.730402	0.635645	16563.000000	26057.000000	4286.000000	5868.000000
0.514796	0.487558	0.545258	7301.000000	13390.000000	2410.000000	4943.000000
0.642569	0.667864	0.619120	12609.000000	20366.000000	5019.000000	7515.000000
0.594673	0.491601	0.752431	12689.000000	16864.000000	3307.000000	6727.000000
0.694208	0.644934	0.751635	17123.000000	22781.000000	3838.000000	5951.000000
0.688988	0.624804	0.767868	19510.000000	25408.000000	4378.000000	7007.000000
0.719378	0.677205	0.767153	17353.000000	22620.000000	5098.000000	7528.000000
0.655572	0.554826	0.801024	13301.000000	16605.000000	4225.000000	7615.000000
0.610981	0.482839	0.831712	10003.000000	12027.000000	3095.000000	6410.000000
0.694187	0.737050	0.656036	20015.000000	30509.000000	5037.000000	6834.000000
0.561620	0.448044	0.752330	10331.000000	13732.000000	3070.000000	6852.000000
0.607922	0.494960	0.787694	11650.000000	14790.000000	3437.000000	6944.000000
0.717087	0.812908	0.641475	16636.000000	25934.000000	4736.000000	5826.000000
0.524703	0.397912	0.770082	8494.000000	11030.000000	2058.000000	5172.000000
0.539859	0.409017	0.793788	9150.000000	11527.000000	2749.000000	6721.000000
0.608067	0.518783	0.734471	9081.000000	12364.000000	2251.000000	4339.000000
0.524654	0.448921	0.631123	7949.000000	12595.000000	1415.000000	3152.000000
0.553254	0.462176	0.689037	5267.000000	7644.000000	1338.000000	2895.000000
0.638527	0.638725	0.638330	10152.000000	15904.000000	4549.000000	7122.000000
0.527498	0.431659	0.678040	9062.000000	13365.000000	2716.000000	6292.000000
0.638327	0.577459	0.713538	9266.000000	12986.000000	2818.000000	4880.000000
0.480968	0.367197	0.696889	9454.000000	13566.000000	2606.000000	7097.000000
0.485649	0.401372	0.614723	8651.000000	14073.000000	2574.000000	6413.000000
0.443012	0.418276	0.470857	6794.000000	14429.000000	1451.000000	3469.000000
0.597833	0.529293	0.686765	13030.000000	18973.000000	3153.000000	5957.000000
0.622137	0.634011	0.610699	12843.000000	21030.000000	4925.000000	7768.000000
0.559937	0.483041	0.665949	11756.000000	17653.000000	3005.000000	6221.000000
0.319121	0.201306	0.769444	3601.000000	4680.000000	1110.000000	5514.000000
0.400661	0.271070	0.767654	5805.000000	7562.000000	1383.000000	5102.000000
0.572201	0.469977	0.731255	13722.000000	18765.000000	3483.000000	7411.000000
0.580666	0.560354	0.602505	11015.000000	18282.000000	3607.000000	6437.000000
0.728050	0.700187	0.758221	28083.000000	37038.000000	4491.000000	6414.000000
0.778091	0.809734	0.748827	18520.000000	24732.000000	4775.000000	5897.000000
0.492572	0.416331	0.602996	11551.000000	19156.000000	2687.000000	6454.000000
0.490257	0.388174	0.665192	8122.000000	12210.000000	2232.000000	5750.000000
0.476129	0.349544	0.746453	5997.000000	8034.000000	2221.000000	6354.000000
0.699254	0.662950	0.739763	14634.000000	19782.000000	4876.000000	7355.000000
0.572710	0.449361	0.789401	13093.000000	16586.000000	2813.000000	6260.000000
0.554025	0.453602	0.711556	8824.000000	12401.000000	2405.000000	5302.000000
0.698882	0.635604	0.776153	13904.000000	17914.000000	3499.000000	5505.000000
0.627848	0.597911	0.660940	16427.000000	24854.000000	4351.000000	7277.000000
0.333560	0.233702	0.582421	2127.000000	3652.000000	803.000000	3436.000000
0.781178	0.792456	0.770217	14420.000000	18722.000000	4265.000000	5382.000000
0.600568	0.573859	0.629885	13426.000000	21315.000000	5229.000000	9112.000000
0.376742	0.301921	0.500863	6097.000000	12173.000000	2813.000000	9317.000000
0.578008	0.445876	0.821434	10079.000000	12270.000000	2768.000000	6208.000000
0.466996	0.376835	0.613871	5957.000000	9704.000000	2079.000000	5517.000000
0.328071	0.211669	0.728927	6088.000000	8352.000000	1531.000000	7233.000000
0.423183	0.314942	0.644786	8045.000000	12477.000000	2289.000000	7268.000000
0.644442	0.557977	0.762619	10531.000000	13809.000000	2714.000000	4864.000000
