0.375151	0.316251	0.461013	8171.000000	17724.000000	2129.000000	6732.000000
0.522664	0.502374	0.544663	8628.000000	15841.000000	3492.000000	6951.000000
0.798360	0.784878	0.812314	18035.000000	22202.000000	6031.000000	7684.000000
0.379060	0.286650	0.559398	6908.000000	12349.000000	2100.000000	7326.000000
0.578192	0.537922	0.624980	15672.000000	25076.000000	3603.000000	6698.000000
0.265569	0.157124	0.857196	6927.000000	8081.000000	1309.000000	8331.000000
0.339807	0.246190	0.548311	4398.000000	8021.000000	1470.000000	5971.000000
0.322399	0.230476	0.536293	4795.000000	8941.000000	1635.000000	7094.000000
0.531020	0.514592	0.548531	7149.000000	13033.000000	1534.000000	2981.000000
0.378671	0.262986	0.676067	6209.000000	9184.000000	2334.000000	8875.000000
0.418688	0.331705	0.567507	6574.000000	11584.000000	1901.000000	5731.000000
0.379410	0.245528	0.834392	6439.000000	7717.000000	1894.000000	7714.000000
0.419778	0.290385	0.757165	8771.000000	11584.000000	2247.000000	7738.000000
0.737289	0.768631	0.708402	12849.000000	18138.000000	3744.000000	4871.000000
0.597123	0.456537	0.862820	14743.000000	17087.000000	3314.000000	7259.000000
0.518950	0.368988	0.874268	13726.000000	15700.000000	2708.000000	7339.000000
0.569266	0.466558	0.729957	11891.000000	16290.000000	3160.000000	6773.000000
0.664926	0.681217	0.649396	13712.000000	21115.000000	4479.000000	6575.000000
0.714520	0.630022	0.825195	10343.000000	12534.000000	3215.000000	5103.000000
0.599017	0.478875	0.799631	9957.000000	12452.000000	3525.000000	7361.000000
0.558487	0.431822	0.790302	6275.000000	7940.000000	2334.000000	5405.000000
0.496253	0.427096	0.592135	5948.000000	10045.000000	2150.000000	5034.000000
0.736998	0.684910	0.797661	13163.000000	16502.000000	4743.000000	6925.000000
0.648956	0.673794	0.625885	12825.000000	20491.000000	4317.000000	6407.000000
0.283016	0.175198	0.735878	4742.000000	6444.000000	1790.000000	10217.000000
0.272169	0.166307	0.748846	4219.000000	5634.000000	1155.000000	6945.000000
0.415492	0.291660	0.722059	7378.000000	10218.000000	1955.000000	6703.000000
0.559689	0.504465	0.628489	5427.000000	8635.000000	2655.000000	5263.000000
0.244903	0.141434	0.912367	3342.000000	3663.000000	724.000000	5119.000000
0.392787	0.271823	0.707741	6519.000000	9211.000000	2759.000000	10150.000000
0.693770	0.582430	0.857739	12324.000000	14368.000000	3978.000000	6830.000000
0.490298	0.378764	0.694931	9925.000000	14282.000000	3182.000000	8401.000000
0.694325	0.608901	0.807630	12385.000000	15335.000000	4392.000000	7213.000000
0.452407	0.317941	0.783972	12023.000000	15336.000000	2396.000000	7536.000000
0.708144	0.685606	0.732214	13565.000000	18526.000000	5068.000000	7392.000000
0.669767	0.575901	0.800191	15090.000000	18858.000000	4268.000000	7411.000000
0.311313	0.217662	0.546409	5151.000000	9427.000000	1538.000000	7066.000000
0.520786	0.408813	0.717234	8794.000000	12261.000000	3349.000000	8192.000000
0.651268	0.630286	0.673695	14411.000000	21391.000000	4874.000000	7733.000000
0.180515	0.105741	0.616408	3336.000000	5412.000000	851.000000	8048.000000
0.601056	0.465932	0.846566	14224.000000	16802.000000	3214.000000	6898.000000
0.545409	0.520045	0.573374	9010.000000	15714.000000	2776.000000	5338.000000
0.693684	0.771314	0.630251	13142.000000	20852.000000	4614.000000	5982.000000
0.562242	0.451059	0.746169	12611.000000	16901.000000	3046.000000	6753.000000
0.706997	0.635702	0.796304	13186.000000	16559.000000	3579.000000	5630.000000
0.670740	0.547720	0.865029	12959.000000	14981.000000	4023.000000	7345.000000
0.388125	0.305056	0.533364	6914.000000	12963.000000	2323.000000	7615.000000
0.585719	0.524396	0.663284	14577.000000	21977.000000	4471.000000	8526.000000
0.479910	0.337165	0.832263	9720.000000	11679.000000	2640.000000	7830.000000
0.471665	0.392822	0.590105	6441.000000	10915.000000	2780.000000	7077.000000
0.537819	0.385806	0.887510	7653.000000	8623.000000	1870.000000	4847.000000
0.590070	0.442635	0.884775	16463.000000	18607.000000	3044.000000	6877.000000
0.546482	0.394919	0.886832	11739.000000	13237.000000	3016.000000	7637.000000
0.293549	0.187603	0.674415	5048.000000	7485.000000	1589.000000	8470.000000
0.610295	0.545592	0.692411	12937.000000	18684.000000	3614.000000	6624.000000
0.434398	0.333130	0.624123	17433.000000	27932.000000	2734.000000	8207.000000
0.608693	0.546276	0.687214	12007.000000	17472.000000	3748.000000	6861.000000
0.743456	0.680487	0.819267	12221.000000	14917.000000	3742.000000	5499.000000
0.348209	0.254004	0.553484	5076.000000	9171.000000	1681.000000	6618.000000
0.486092	0.382171	0.667639	13499.000000	20219.000000	3211.000000	8402.000000
0.601566	0.511227	0.730687	12920.000000	17682.000000	3051.000000	5968.000000
0.376357	0.237769	0.902254	5363.000000	5944.000000	1560.000000	6561.000000
0.539073	0.406163	0.801278	7649.000000	9546.000000	2188.000000	5387.000000
0.626825	0.571514	0.693988	10677.000000	15385.000000	2853.000000	4992.000000
0.580639	0.489802	0.712840	12819.000000	17983.000000	3242.000000	6619.000000
0.707308	0.616411	0.829650	11450.000000	13801.000000	3050.000000	4948.000000
0.536127	0.441120	0.683293	7562.000000	11067.000000	3199.000000	7252.000000
0.421510	0.291252	0.762549	7049.000000	9244.000000	2457.000000	8436.000000
0.375093	0.314325	0.464986	6401.000000	13766.000000	2260.000000	7190.000000
0.575168	0.441271	0.825719	13285.000000	16089.000000	2750.000000	6232.000000
0.384185	0.249668	0.832977	7401.000000	8885.000000	2069.000000	8287.000000
0.559507	0.439592	0.769383	10906.000000	14175.000000	3020.000000	6870.000000
0.484552	0.341220	0.835515	6065.000000	7259.000000	2668.000000	7819.000000
0.521759	0.426966	0.670653	9927.000000	14802.000000	2660.000000	6230.000000
0.456546	0.349623	0.657683	6369.000000	9684.000000	2132.000000	6098.000000
0.531128	0.414751	0.738289	5264.000000	7130.000000	2075.000000	5003.000000
0.702302	0.633151	0.788410	8775.000000	11130.000000	4049.000000	6395.000000
0.546961	0.441860	0.717664	8922.000000	12432.000000	3021.000000	6837.000000
0.532770	0.489864	0.583914	9968.000000	17071.000000	2803.000000	5722.000000
0.648290	0.526954	0.842220	12779.000000	15173.000000	3519.000000	6678.000000
0.456993	0.312095	0.853037	13060.000000	15310.000000	2552.000000	8177.000000
0.443068	0.366938	0.559058	8354.000000	14943.000000	2162.000000	5892.000000
0.529187	0.425609	0.699395	9253.000000	13230.000000	2689.000000	6318.000000
0.657840	0.565486	0.786249	14066.000000	17890.000000	4119.000000	7284.000000
0.391093	0.252755	0.863951	7487.000000	8666.000000	1766.000000	6987.000000
0.672419	0.646604	0.700382	13745.000000	19625.000000	4931.000000	7626.000000
0.509173	0.430564	0.622896	13505.000000	21681.000000	2161.000000	5019.000000
0.471062	0.353162	0.707133	10281.000000	14539.000000	2262.000000	6405.000000
0.501866	0.392018	0.697241	9730.000000	13955.000000	2770.000000	7066.000000
0.568691	0.455398	0.757021	7440.000000	9828.000000	3594.000000	7892.000000
0.741951	0.748637	0.735383	9710.000000	13204.000000	4670.000000	6238.000000
0.601803	0.550130	0.664191	15471.000000	23293.000000	3605.000000	6553.000000
0.611134	0.536633	0.709657	14565.000000	20524.000000	3318.000000	6183.000000
0.478623	0.340044	0.807848	7988.000000	9888.000000	2314.000000	6805.000000
0.548495	0.405104	0.849010	9559.000000	11259.000000	3238.000000	7993.000000
0.588887	0.465092	0.802489	11738.000000	14627.000000	3504.000000	7534.000000
0.565151	0.443495	0.778778	10642.000000	13665.000000	2700.000000	6088.000000
0.703027	0.724425	0.682858	14958.000000	21905.000000	4879.000000	6735.000000
0.576897	0.470056	0.746592	12872.000000	17241.000000	3328.000000	7080.000000
0.701454	0.618444	0.810203	15564.000000	19210.000000	4882.000000	7894.000000
0.610620	0.503554	0.775509	11659.000000	15034.000000	3117.000000	6190.000000
0.521649	0.406723	0.727104	14481.000000	19916.000000	3521.000000	8657.000000
0.756147	0.646829	0.909929	17265.000000	18974.000000	3315.000000	5125.000000
0.602342	0.599106	0.605614	14433.000000	23832.000000	3751.000000	6261.000000
0.558765	0.479753	0.668934	11016.000000	16468.000000	3104.000000	6470.000000
0.597643	0.499641	0.743472	8770.000000	11796.000000	3479.000000	6963.000000
0.505628	0.459489	0.562067	8268.000000	14710.000000	2484.000000	5406.000000
0.791829	0.813435	0.771342	20041.000000	25982.000000	5546.000000	6818.000000
0.743520	0.666724	0.840310	16039.000000	19087.000000	3861.000000	5791.000000
0.667966	0.596673	0.758607	13441.000000	17718.000000	2941.000000	4929.000000
0.570816	0.465809	0.736947	10007.000000	13579.000000	3474.000000	7458.000000
0.610822	0.555790	0.677950	12117.000000	17873.000000	3427.000000	6166.000000
0.506011	0.365190	0.823601	9450.000000	11474.000000	2522.000000	6906.000000
0.494171	0.378996	0.709905	11367.000000	16012.000000	3248.000000	8570.000000
0.814379	0.810281	0.818518	23453.000000	28653.000000	5706.000000	7042.000000
0.455853	0.317443	0.808273	8246.000000	10202.000000	1465.000000	4615.000000
0.383755	0.246718	0.863218	7977.000000	9241.000000	2293.000000	9294.000000
0.443835	0.315237	0.749649	7480.000000	9978.000000	2671.000000	8473.000000
0.408076	0.318002	0.569344	8974.000000	15762.000000	2489.000000	7827.000000
0.240659	0.144708	0.714251	5814.000000	8140.000000	1128.000000	7795.000000
0.383841	0.263073	0.709591	6607.000000	9311.000000	1947.000000	7401.000000
0.623590	0.553685	0.713697	11776.000000	16500.000000	3749.000000	6771.000000
0.663685	0.582155	0.771771	12833.000000	16628.000000	3830.000000	6579.000000
0.450736	0.308312	0.837720	3851.000000	4597.000000	957.000000	3104.000000
0.536482	0.534507	0.538472	11344.000000	21067.000000	4554.000000	8520.000000
0.650167	0.542634	0.810853	15720.000000	19387.000000	4652.000000	8573.000000
0.429937	0.288659	0.842072	7950.000000	9441.000000	2367.000000	8200.000000
0.144673	0.080005	0.754658	1215.000000	1610.000000	583.000000	7287.000000
0.654313	0.693296	0.619480	12752.000000	20585.000000	3723.000000	5370.000000
0.659304	0.668628	0.650237	13285.000000	20431.000000	3864.000000	5779.000000
0.437496	0.322203	0.681276	9762.000000	14329.000000	2644.000000	8206.000000
0.461783	0.333913	0.748369	13764.000000	18392.000000	2498.000000	7481.000000
0.405382	0.282231	0.719206	5220.000000	7258.000000	1771.000000	6275.000000
0.614516	0.595003	0.635353	12174.000000	19161.000000	3977.000000	6684.000000
0.761212	0.748220	0.774662	17268.000000	22291.000000	4520.000000	6041.000000
0.448998	0.314361	0.785359	7574.000000	9644.000000	2629.000000	8363.000000
0.536768	0.383377	0.894774	8971.000000	10026.000000	2071.000000	5402.000000
0.402046	0.289286	0.658862	7204.000000	10934.000000	2106.000000	7280.000000
0.362689	0.241383	0.729093	8413.000000	11539.000000	2346.000000	9719.000000
0.417472	0.296983	0.702472	8070.000000	11488.000000	2530.000000	8519.000000
0.676883	0.591394	0.791265	11232.000000	14195.000000	3216.000000	5438.000000
0.721236	0.701287	0.742353	14464.000000	19484.000000	3923.000000	5594.000000
0.317691	0.200249	0.768255	9143.000000	11901.000000	1928.000000	9628.000000
0.685098	0.660342	0.711783	12837.000000	18035.000000	4907.000000	7431.000000
0.726877	0.684025	0.775456	11728.000000	15124.000000	3888.000000	5684.000000
0.753880	0.741895	0.766258	18522.000000	24172.000000	5378.000000	7249.000000
0.513085	0.371220	0.830447	8248.000000	9932.000000	2590.000000	6977.000000
0.404435	0.278074	0.741288	9126.000000	12311.000000	1929.000000	6937.000000
0.607682	0.496831	0.782203	17774.000000	22723.000000	4704.000000	9468.000000
0.542764	0.427023	0.744573	8815.000000	11839.000000	2601.000000	6091.000000
0.685296	0.713039	0.659631	17188.000000	26057.000000	4495.000000	6304.000000
0.513870	0.481080	0.551456	7384.000000	13390.000000	2441.000000	5074.000000
0.643800	0.653754	0.634145	12915.000000	20366.000000	5198.000000	7951.000000
0.609706	0.497109	0.788247	13293.000000	16864.000000	3439.000000	6918.000000
0.686002	0.619705	0.768184	17500.000000	22781.000000	3950.000000	6374.000000
0.684371	0.609853	0.779636	19809.000000	25408.000000	4469.000000	7328.000000
0.715154	0.651008	0.793324	17945.000000	22620.000000	5363.000000	8238.000000
0.662451	0.555053	0.821379	13639.000000	16605.000000	4421.000000	7965.000000
0.589246	0.454532	0.837449	10072.000000	12027.000000	3164.000000	6961.000000
0.698503	0.712431	0.685109	20902.000000	30509.000000	5324.000000	7473.000000
0.556393	0.436209	0.767987	10546.000000	13732.000000	3231.000000	7407.000000
0.609267	0.486560	0.814740	12050.000000	14790.000000	3584.000000	7366.000000
0.716376	0.788641	0.656243	17019.000000	25934.000000	4888.000000	6198.000000
0.517620	0.387204	0.780508	8609.000000	11030.000000	2106.000000	5439.000000
0.521384	0.384940	0.807669	9310.000000	11527.000000	2832.000000	7357.000000
0.592088	0.492537	0.742074	9175.000000	12364.000000	2310.000000	4690.000000
0.527940	0.443505	0.652084	8213.000000	12595.000000	1468.000000	3310.000000
0.571183	0.463523	0.743982	5687.000000	7644.000000	1455.000000	3139.000000
0.656531	0.637153	0.677125	10769.000000	15904.000000	4843.000000	7601.000000
0.533635	0.432437	0.696670	9311.000000	13365.000000	2813.000000	6505.000000
0.631054	0.560406	0.722085	9377.000000	12986.000000	2927.000000	5223.000000
0.459964	0.342623	0.699543	9490.000000	13566.000000	2631.000000	7679.000000
0.498060	0.391650	0.683863	9624.000000	14073.000000	2758.000000	7042.000000
0.424327	0.385100	0.472451	6817.000000	14429.000000	1468.000000	3812.000000
0.609367	0.532294	0.712539	13519.000000	18973.000000	3346.000000	6286.000000
0.647864	0.634138	0.662197	13926.000000	21030.000000	5257.000000	8290.000000
0.554389	0.472201	0.671217	11849.000000	17653.000000	3049.000000	6457.000000
0.304709	0.189279	0.780983	3655.000000	4680.000000	1137.000000	6007.000000
0.397604	0.266995	0.778366	5886.000000	7562.000000	1410.000000	5281.000000
0.567783	0.459588	0.742606	13935.000000	18765.000000	3571.000000	7770.000000
0.598153	0.556993	0.645881	11808.000000	18282.000000	3831.000000	6878.000000
0.726481	0.677527	0.783061	29003.000000	37038.000000	4658.000000	6875.000000
0.775190	0.788446	0.762373	18855.000000	24732.000000	4927.000000	6249.000000
0.494581	0.407654	0.628628	12042.000000	19156.000000	2812.000000	6898.000000
0.486620	0.381858	0.670598	8188.000000	12210.000000	2290.000000	5997.000000
0.484373	0.352357	0.774583	6223.000000	8034.000000	2340.000000	6641.000000
0.701003	0.654230	0.754979	14935.000000	19782.000000	4980.000000	7612.000000
0.548456	0.418079	0.796997	13219.000000	16586.000000	2886.000000	6903.000000
0.546308	0.437250	0.727845	9026.000000	12401.000000	2519.000000	5761.000000
0.695445	0.615695	0.798928	14312.000000	17914.000000	3664.000000	5951.000000
0.627835	0.589609	0.671361	16686.000000	24854.000000	4494.000000	7622.000000
0.322873	0.218758	0.616101	2250.000000	3652.000000	884.000000	4041.000000
0.776013	0.763580	0.788858	14769.000000	18722.000000	4428.000000	5799.000000
0.609117	0.565548	0.659958	14067.000000	21315.000000	5496.000000	9718.000000
0.385649	0.303062	0.530108	6453.000000	12173.000000	2940.000000	9701.000000
0.568373	0.430689	0.835452	10251.000000	12270.000000	2818.000000	6543.000000
0.465464	0.369554	0.628607	6100.000000	9704.000000	2146.000000	5807.000000
0.296580	0.184669	0.752754	6287.000000	8352.000000	1590.000000	8610.000000
0.420443	0.309357	0.656007	8185.000000	12477.000000	2344.000000	7577.000000
0.627551	0.518066	0.795713	10988.000000	13809.000000	2882.000000	5563.000000
