0.315387	0.470048	0.237305	4206.000000	17724.000000	973.000000	2070.000000
0.275405	0.552788	0.183385	2905.000000	15841.000000	932.000000	1686.000000
0.563529	0.904330	0.409287	9087.000000	22202.000000	2694.000000	2979.000000
0.338939	0.362933	0.317920	3926.000000	12349.000000	1173.000000	3232.000000
0.526062	0.664512	0.435357	10917.000000	25076.000000	2262.000000	3404.000000
0.173221	0.135063	0.241431	1951.000000	8081.000000	354.000000	2621.000000
0.300440	0.302056	0.298841	2397.000000	8021.000000	808.000000	2675.000000
0.481717	0.537173	0.436640	3904.000000	8941.000000	1315.000000	2448.000000
0.570699	0.927323	0.412184	5372.000000	13033.000000	1008.000000	1087.000000
0.324997	0.331658	0.318598	2926.000000	9184.000000	990.000000	2985.000000
0.453986	0.511557	0.408063	4727.000000	11584.000000	1173.000000	2293.000000
0.681018	0.749020	0.624336	4818.000000	7717.000000	1146.000000	1530.000000
0.482889	0.486997	0.478850	5547.000000	11584.000000	1367.000000	2807.000000
0.571603	0.954940	0.407873	7398.000000	18138.000000	1759.000000	1842.000000
0.721476	0.749535	0.695441	11883.000000	17087.000000	2017.000000	2691.000000
0.673052	0.669954	0.676178	10616.000000	15700.000000	1902.000000	2839.000000
0.538112	0.646046	0.461080	7511.000000	16290.000000	1838.000000	2845.000000
0.434573	0.784683	0.300497	6345.000000	21115.000000	1957.000000	2494.000000
0.716967	0.952470	0.574836	7205.000000	12534.000000	1523.000000	1599.000000
0.528815	0.638092	0.451494	5622.000000	12452.000000	1645.000000	2578.000000
0.560990	0.549429	0.573048	4550.000000	7940.000000	1395.000000	2539.000000
0.515405	0.599735	0.451867	4539.000000	10045.000000	1356.000000	2261.000000
0.675493	0.927571	0.531148	8765.000000	16502.000000	1921.000000	2071.000000
0.438779	0.887372	0.291445	5972.000000	20491.000000	2080.000000	2344.000000
0.299229	0.246823	0.379888	2448.000000	6444.000000	1010.000000	4092.000000
0.376747	0.273060	0.607384	3422.000000	5634.000000	820.000000	3003.000000
0.469155	0.416593	0.536896	5486.000000	10218.000000	1406.000000	3375.000000
0.473339	0.644018	0.374175	3231.000000	8635.000000	1545.000000	2399.000000
0.351750	0.229175	0.756211	2770.000000	3663.000000	564.000000	2461.000000
0.351863	0.351215	0.352513	3247.000000	9211.000000	1257.000000	3579.000000
0.612372	0.842257	0.481069	6912.000000	14368.000000	1463.000000	1737.000000
0.555287	0.656927	0.480885	6868.000000	14282.000000	2001.000000	3046.000000
0.501515	0.746101	0.377698	5792.000000	15335.000000	1531.000000	2052.000000
0.440981	0.486052	0.403560	6189.000000	15336.000000	1028.000000	2115.000000
0.441946	0.779287	0.308431	5714.000000	18526.000000	1377.000000	1767.000000
0.636875	0.948520	0.479372	9040.000000	18858.000000	2211.000000	2331.000000
0.346973	0.338970	0.355362	3350.000000	9427.000000	902.000000	2661.000000
0.465975	0.656014	0.361308	4430.000000	12261.000000	1478.000000	2253.000000
0.470836	0.691185	0.357019	7637.000000	21391.000000	2321.000000	3358.000000
0.416314	0.397351	0.437177	2366.000000	5412.000000	540.000000	1359.000000
0.663397	0.797605	0.567849	9541.000000	16802.000000	2065.000000	2589.000000
0.450797	0.709510	0.330342	5191.000000	15714.000000	1507.000000	2124.000000
0.432989	0.942236	0.281076	5861.000000	20852.000000	1778.000000	1887.000000
0.381878	0.464073	0.324419	5483.000000	16901.000000	1169.000000	2519.000000
0.613843	0.881736	0.470801	7796.000000	16559.000000	1849.000000	2097.000000
0.559472	0.694961	0.468193	7014.000000	14981.000000	1793.000000	2580.000000
0.210964	0.289303	0.166011	2152.000000	12963.000000	714.000000	2468.000000
0.504037	0.740006	0.382172	8399.000000	21977.000000	2351.000000	3177.000000
0.499482	0.502030	0.496960	5804.000000	11679.000000	1360.000000	2709.000000
0.372578	0.409284	0.341915	3732.000000	10915.000000	1640.000000	4007.000000
0.384691	0.430707	0.347559	2997.000000	8623.000000	634.000000	1472.000000
0.761339	0.888655	0.665932	12391.000000	18607.000000	2115.000000	2380.000000
0.717084	0.861396	0.614188	8130.000000	13237.000000	1678.000000	1948.000000
0.508963	0.497554	0.520908	3899.000000	7485.000000	1017.000000	2044.000000
0.497548	0.806873	0.359666	6720.000000	18684.000000	1855.000000	2299.000000
0.330907	0.632105	0.224116	6260.000000	27932.000000	1012.000000	1601.000000
0.568308	0.747415	0.458448	8010.000000	17472.000000	2024.000000	2708.000000
0.669204	0.996876	0.503654	7513.000000	14917.000000	2234.000000	2241.000000
0.174952	0.215592	0.147203	1350.000000	9171.000000	495.000000	2296.000000
0.265611	0.508656	0.179732	3634.000000	20219.000000	999.000000	1964.000000
0.652427	0.893843	0.513686	9083.000000	17682.000000	1684.000000	1884.000000
0.715765	0.674468	0.762450	4532.000000	5944.000000	1268.000000	1880.000000
0.674980	0.785057	0.591976	5651.000000	9546.000000	1450.000000	1847.000000
0.517184	0.847630	0.372116	5725.000000	15385.000000	1413.000000	1667.000000
0.552552	0.704852	0.454374	8171.000000	17983.000000	1932.000000	2741.000000
0.610467	0.834049	0.481414	6644.000000	13801.000000	1553.000000	1862.000000
0.424650	0.557074	0.343092	3797.000000	11067.000000	1386.000000	2488.000000
0.422372	0.468251	0.384682	3556.000000	9244.000000	1084.000000	2315.000000
0.268225	0.361725	0.213134	2934.000000	13766.000000	1015.000000	2806.000000
0.511048	0.699166	0.402697	6479.000000	16089.000000	1090.000000	1559.000000
0.461637	0.406128	0.534721	4751.000000	8885.000000	1246.000000	3068.000000
0.608984	0.774230	0.501869	7114.000000	14175.000000	1382.000000	1785.000000
0.547049	0.537096	0.557377	4046.000000	7259.000000	1513.000000	2817.000000
0.415529	0.496401	0.357317	5289.000000	14802.000000	1517.000000	3056.000000
0.381191	0.439865	0.336328	3257.000000	9684.000000	1046.000000	2378.000000
0.428931	0.498437	0.376438	2684.000000	7130.000000	957.000000	1920.000000
0.465294	0.866999	0.317969	3539.000000	11130.000000	1219.000000	1406.000000
0.530777	0.589481	0.482706	6001.000000	12432.000000	1614.000000	2738.000000
0.355679	0.634568	0.247086	4218.000000	17071.000000	1028.000000	1620.000000
0.570781	0.784955	0.448428	6804.000000	15173.000000	1847.000000	2353.000000
0.694410	1.000000	0.531875	8143.000000	15310.000000	1486.000000	1486.000000
0.526184	0.815136	0.388476	5805.000000	14943.000000	1411.000000	1731.000000
0.480369	0.636589	0.385714	5103.000000	13230.000000	1284.000000	2017.000000
0.487834	0.807877	0.349413	6251.000000	17890.000000	1682.000000	2082.000000
0.488632	0.439902	0.549504	4762.000000	8666.000000	1076.000000	2446.000000
0.553084	0.840157	0.412229	8090.000000	19625.000000	2565.000000	3053.000000
0.284285	0.375123	0.228864	4962.000000	21681.000000	763.000000	2034.000000
0.561378	0.872645	0.413784	6016.000000	14539.000000	1158.000000	1327.000000
0.354413	0.428036	0.302401	4220.000000	13955.000000	913.000000	2133.000000
0.477064	0.615417	0.389499	3828.000000	9828.000000	1453.000000	2361.000000
0.703109	0.928996	0.565586	7468.000000	13204.000000	2970.000000	3197.000000
0.413591	0.747538	0.285880	6659.000000	23293.000000	1442.000000	1929.000000
0.392905	0.691508	0.274410	5632.000000	20524.000000	1197.000000	1731.000000
0.534529	0.468991	0.621359	6144.000000	9888.000000	1520.000000	3241.000000
0.517502	0.526658	0.508660	5727.000000	11259.000000	1620.000000	3076.000000
0.533532	0.796490	0.401108	5867.000000	14627.000000	1679.000000	2108.000000
0.634710	0.732099	0.560190	7655.000000	13665.000000	1779.000000	2430.000000
0.383105	0.932990	0.241041	5280.000000	21905.000000	1448.000000	1552.000000
0.518561	0.682485	0.418131	7209.000000	17241.000000	1582.000000	2318.000000
0.529094	0.790521	0.397605	7638.000000	19210.000000	2185.000000	2764.000000
0.715878	0.922674	0.584808	8792.000000	15034.000000	2112.000000	2289.000000
0.433547	0.456880	0.412482	8215.000000	19916.000000	1886.000000	4128.000000
0.839159	0.978357	0.734637	13939.000000	18974.000000	2441.000000	2495.000000
0.477694	0.705921	0.360985	8603.000000	23832.000000	2122.000000	3006.000000
0.448208	0.745763	0.320379	5276.000000	16468.000000	1452.000000	1947.000000
0.481452	0.675731	0.373940	4411.000000	11796.000000	1665.000000	2464.000000
0.288836	0.481334	0.206322	3035.000000	14710.000000	967.000000	2009.000000
0.418909	0.916581	0.271496	7054.000000	25982.000000	1791.000000	1954.000000
0.644778	0.819761	0.531356	10142.000000	19087.000000	2265.000000	2763.000000
0.576676	0.818932	0.445028	7885.000000	17718.000000	1488.000000	1817.000000
0.491602	0.629125	0.403417	5478.000000	13579.000000	1754.000000	2788.000000
0.534535	0.809131	0.399094	7133.000000	17873.000000	1666.000000	2059.000000
0.475226	0.545275	0.421126	4832.000000	11474.000000	1102.000000	2021.000000
0.304713	0.451500	0.229953	3682.000000	16012.000000	903.000000	2000.000000
0.576825	0.941558	0.415768	11913.000000	28653.000000	2030.000000	2156.000000
0.535314	0.514127	0.558322	5696.000000	10202.000000	1019.000000	1982.000000
0.544659	0.518821	0.573206	5297.000000	9241.000000	1461.000000	2816.000000
0.305965	0.387549	0.252756	2522.000000	9978.000000	884.000000	2281.000000
0.348615	0.411554	0.302373	4766.000000	15762.000000	1261.000000	3064.000000
0.411767	0.294740	0.682924	5559.000000	8140.000000	1031.000000	3498.000000
0.480462	0.515904	0.449576	4186.000000	9311.000000	1184.000000	2295.000000
0.480994	0.685243	0.370545	6114.000000	16500.000000	1746.000000	2548.000000
0.535825	0.802845	0.402093	6686.000000	16628.000000	1637.000000	2039.000000
0.599282	0.517613	0.711551	3271.000000	4597.000000	720.000000	1391.000000
0.370253	0.698298	0.251911	5307.000000	21067.000000	1641.000000	2350.000000
0.519032	0.604775	0.454583	8813.000000	19387.000000	2381.000000	3937.000000
0.393076	0.375612	0.412244	3892.000000	9441.000000	998.000000	2657.000000
0.053271	0.036145	0.101242	163.000000	1610.000000	129.000000	3569.000000
0.392878	0.680999	0.276075	5683.000000	20585.000000	1473.000000	2163.000000
0.486477	0.843615	0.341785	6983.000000	20431.000000	1764.000000	2091.000000
0.476335	0.669979	0.369530	5295.000000	14329.000000	1281.000000	1912.000000
0.435195	0.401515	0.475043	8737.000000	18392.000000	1325.000000	3300.000000
0.504044	0.568675	0.452604	3285.000000	7258.000000	944.000000	1660.000000
0.442164	0.708648	0.321330	6157.000000	19161.000000	2065.000000	2914.000000
0.530627	0.863085	0.383069	8539.000000	22291.000000	1992.000000	2308.000000
0.403767	0.676572	0.287744	2775.000000	9644.000000	979.000000	1447.000000
0.605515	0.723634	0.520547	5219.000000	10026.000000	1139.000000	1574.000000
0.565169	0.707210	0.470642	5146.000000	10934.000000	1128.000000	1595.000000
0.378429	0.339241	0.427853	4937.000000	11539.000000	1340.000000	3950.000000
0.529446	0.490555	0.575035	6606.000000	11488.000000	1688.000000	3441.000000
0.605321	0.737150	0.513491	7289.000000	14195.000000	1764.000000	2393.000000
0.494515	0.922366	0.337816	6582.000000	19484.000000	1497.000000	1623.000000
0.307380	0.275439	0.347702	4138.000000	11901.000000	785.000000	2850.000000
0.404360	0.831370	0.267147	4818.000000	18035.000000	1553.000000	1868.000000
0.471815	0.897541	0.320021	4840.000000	15124.000000	1752.000000	1952.000000
0.282993	0.735493	0.175203	4235.000000	24172.000000	1635.000000	2223.000000
0.551400	0.729730	0.443113	4401.000000	9932.000000	1323.000000	1813.000000
0.559597	0.555293	0.563967	6943.000000	12311.000000	1411.000000	2541.000000
0.625468	0.820849	0.505215	11480.000000	22723.000000	2630.000000	3204.000000
0.614412	0.612984	0.615846	7291.000000	11839.000000	1964.000000	3204.000000
0.441382	0.703153	0.321641	8381.000000	26057.000000	1940.000000	2759.000000
0.431994	0.713059	0.309858	4149.000000	13390.000000	1163.000000	1631.000000
0.515077	0.849739	0.369537	7526.000000	20366.000000	2935.000000	3454.000000
0.646812	0.837331	0.526921	8886.000000	16864.000000	1920.000000	2293.000000
0.456317	0.916307	0.303806	6921.000000	22781.000000	1062.000000	1159.000000
0.630833	0.883344	0.490594	12465.000000	25408.000000	2673.000000	3026.000000
0.552501	0.794605	0.423475	9579.000000	22620.000000	2828.000000	3559.000000
0.566916	0.685906	0.483107	8022.000000	16605.000000	2151.000000	3136.000000
0.615810	0.856136	0.480835	5783.000000	12027.000000	1458.000000	1703.000000
0.451141	0.789030	0.315874	9637.000000	30509.000000	2431.000000	3081.000000
0.573481	0.799366	0.447131	6140.000000	13732.000000	1514.000000	1894.000000
0.465392	0.659032	0.359703	5320.000000	14790.000000	1525.000000	2314.000000
0.484032	0.919067	0.328526	8520.000000	25934.000000	1851.000000	2014.000000
0.548988	0.577438	0.523209	5771.000000	11030.000000	1208.000000	2092.000000
0.533992	0.567847	0.503947	5809.000000	11527.000000	1540.000000	2712.000000
0.608515	0.636289	0.583064	7209.000000	12364.000000	1543.000000	2425.000000
0.514782	0.630372	0.435014	5479.000000	12595.000000	880.000000	1396.000000
0.437492	0.547403	0.364338	2785.000000	7644.000000	664.000000	1213.000000
0.314730	0.652597	0.207369	3298.000000	15904.000000	1407.000000	2156.000000
0.448961	0.572925	0.369098	4933.000000	13365.000000	1477.000000	2578.000000
0.658674	0.804181	0.557755	7243.000000	12986.000000	1885.000000	2344.000000
0.466550	0.506855	0.432183	5863.000000	13566.000000	1183.000000	2334.000000
0.283442	0.526515	0.193917	2729.000000	14073.000000	834.000000	1584.000000
0.490676	0.677419	0.384642	5550.000000	14429.000000	1071.000000	1581.000000
0.562031	0.988324	0.392663	7450.000000	18973.000000	1439.000000	1456.000000
0.368627	0.567406	0.272991	5741.000000	21030.000000	1894.000000	3338.000000
0.482454	0.565110	0.420892	7430.000000	17653.000000	1827.000000	3233.000000
0.431229	0.360960	0.535470	2506.000000	4680.000000	662.000000	1834.000000
0.393882	0.395152	0.392621	2969.000000	7562.000000	652.000000	1650.000000
0.532596	0.919593	0.374847	7034.000000	18765.000000	995.000000	1082.000000
0.454879	0.641867	0.352259	6440.000000	18282.000000	1898.000000	2957.000000
0.343776	0.921613	0.211297	7826.000000	37038.000000	1211.000000	1314.000000
0.663436	0.941774	0.512090	12665.000000	24732.000000	3154.000000	3349.000000
0.475506	0.614963	0.387607	7425.000000	19156.000000	1570.000000	2553.000000
0.397753	0.583153	0.301802	3685.000000	12210.000000	810.000000	1389.000000
0.458179	0.480440	0.437889	3518.000000	8034.000000	1179.000000	2454.000000
0.621855	0.830723	0.496916	9830.000000	19782.000000	3023.000000	3639.000000
0.439276	0.659973	0.329193	5460.000000	16586.000000	986.000000	1494.000000
0.476896	0.579399	0.405209	5025.000000	12401.000000	1080.000000	1864.000000
0.700867	0.893574	0.576532	10328.000000	17914.000000	2225.000000	2490.000000
0.459565	0.660891	0.352257	8755.000000	24854.000000	2403.000000	3636.000000
0.447661	0.510353	0.398686	1456.000000	3652.000000	419.000000	821.000000
0.619398	0.821758	0.497009	9305.000000	18722.000000	2402.000000	2923.000000
0.360959	0.574497	0.263148	5609.000000	21315.000000	2113.000000	3678.000000
0.295756	0.380391	0.241929	2945.000000	12173.000000	1323.000000	3478.000000
0.577606	0.754752	0.467808	5740.000000	12270.000000	1628.000000	2157.000000
0.400424	0.615729	0.296682	2879.000000	9704.000000	963.000000	1564.000000
0.312055	0.292226	0.334770	2796.000000	8352.000000	718.000000	2457.000000
0.429873	0.429038	0.430713	5374.000000	12477.000000	1315.000000	3065.000000
0.506220	0.712963	0.392425	5419.000000	13809.000000	1232.000000	1728.000000
