0.641950	0.969867	0.479745	8503.000000	17724.000000	1899.000000	1958.000000
0.562800	0.855397	0.419355	6643.000000	15841.000000	2100.000000	2455.000000
0.391059	0.988930	0.243717	5411.000000	22202.000000	1340.000000	1355.000000
0.751175	0.781287	0.723297	8932.000000	12349.000000	1954.000000	2501.000000
0.198465	0.590487	0.119277	2991.000000	25076.000000	509.000000	862.000000
0.570101	0.910095	0.415048	3354.000000	8081.000000	577.000000	634.000000
0.764368	0.904163	0.662012	5310.000000	8021.000000	1151.000000	1273.000000
0.722084	0.804369	0.655072	5857.000000	8941.000000	1620.000000	2014.000000
0.764879	1.000000	0.619274	8071.000000	13033.000000	1646.000000	1646.000000
0.594840	0.671371	0.533972	4904.000000	9184.000000	1332.000000	1984.000000
0.451653	0.852941	0.307148	3558.000000	11584.000000	812.000000	952.000000
0.831608	0.979421	0.722561	5576.000000	7717.000000	1285.000000	1312.000000
0.687695	0.676929	0.698809	8095.000000	11584.000000	1825.000000	2696.000000
0.764874	0.986127	0.624711	11331.000000	18138.000000	2559.000000	2595.000000
0.871131	0.987957	0.779013	13311.000000	17087.000000	2297.000000	2325.000000
0.931654	0.981503	0.886624	13920.000000	15700.000000	2494.000000	2541.000000
0.663041	0.873969	0.534131	8701.000000	16290.000000	1484.000000	1698.000000
0.795558	0.974616	0.672081	14191.000000	21115.000000	2918.000000	2994.000000
0.792201	0.826010	0.761050	9539.000000	12534.000000	2801.000000	3391.000000
0.788547	0.918919	0.690572	8599.000000	12452.000000	2176.000000	2368.000000
0.777669	0.854736	0.713350	5664.000000	7940.000000	1877.000000	2196.000000
0.721863	0.766762	0.681931	6850.000000	10045.000000	2413.000000	3147.000000
0.742816	0.907394	0.628772	10376.000000	16502.000000	2577.000000	2840.000000
0.756725	0.996976	0.609780	12495.000000	20491.000000	2967.000000	2976.000000
0.000000	1.000000	0.000000	0.000000	6444.000000	0.000000	0.000000
0.826058	0.948773	0.731452	4121.000000	5634.000000	889.000000	937.000000
0.770130	0.965909	0.640341	6543.000000	10218.000000	1445.000000	1496.000000
0.744534	0.898624	0.635553	5488.000000	8635.000000	2677.000000	2979.000000
0.885440	1.000000	0.794431	2910.000000	3663.000000	583.000000	583.000000
0.468969	0.921505	0.314515	2897.000000	9211.000000	857.000000	930.000000
0.865110	0.948343	0.795309	11427.000000	14368.000000	2919.000000	3078.000000
0.571418	0.987805	0.401975	5741.000000	14282.000000	1458.000000	1476.000000
0.829787	0.863550	0.798565	12246.000000	15335.000000	3639.000000	4214.000000
0.776769	0.942242	0.660733	10133.000000	15336.000000	1664.000000	1766.000000
0.735947	0.915333	0.615351	11400.000000	18526.000000	3146.000000	3437.000000
0.832924	0.985054	0.721498	13606.000000	18858.000000	3493.000000	3546.000000
0.746751	0.947220	0.616315	5810.000000	9427.000000	1346.000000	1421.000000
0.497034	0.766139	0.367833	4510.000000	12261.000000	1258.000000	1642.000000
0.646149	0.901334	0.503576	10772.000000	21391.000000	2905.000000	3223.000000
0.272001	0.246248	0.303769	1644.000000	5412.000000	361.000000	1466.000000
0.779602	0.960227	0.656172	11025.000000	16802.000000	2366.000000	2464.000000
0.799122	0.855088	0.750032	11786.000000	15714.000000	3269.000000	3823.000000
0.761961	0.957717	0.632649	13192.000000	20852.000000	4530.000000	4730.000000
0.713854	0.963003	0.567126	9585.000000	16901.000000	1796.000000	1865.000000
0.592352	0.865221	0.450329	7457.000000	16559.000000	1836.000000	2122.000000
0.850511	0.975877	0.753688	11291.000000	14981.000000	3115.000000	3192.000000
0.607627	0.743119	0.513924	6662.000000	12963.000000	1863.000000	2507.000000
0.000000	1.000000	0.000000	0.000000	21977.000000	0.000000	0.000000
0.672588	0.831090	0.564860	6597.000000	11679.000000	1235.000000	1486.000000
0.460113	0.882126	0.311223	3397.000000	10915.000000	1145.000000	1298.000000
0.675325	0.775726	0.597936	5156.000000	8623.000000	1176.000000	1516.000000
0.836496	0.995606	0.721234	13420.000000	18607.000000	2266.000000	2276.000000
0.846409	0.967580	0.752210	9957.000000	13237.000000	2119.000000	2190.000000
0.624875	0.782497	0.520107	3893.000000	7485.000000	1216.000000	1554.000000
0.821638	0.970492	0.712374	13310.000000	18684.000000	2960.000000	3050.000000
0.741200	0.968491	0.600315	16768.000000	27932.000000	2336.000000	2412.000000
0.629865	0.800954	0.519002	9068.000000	17472.000000	2350.000000	2934.000000
0.777394	0.999168	0.636187	9490.000000	14917.000000	2403.000000	2405.000000
0.713074	0.918045	0.582924	5346.000000	9171.000000	1221.000000	1330.000000
0.381983	0.971178	0.237747	4807.000000	20219.000000	775.000000	798.000000
0.722772	0.942777	0.586020	10362.000000	17682.000000	2010.000000	2132.000000
0.954779	0.983344	0.927826	5515.000000	5944.000000	1476.000000	1501.000000
0.932752	1.000000	0.873979	8343.000000	9546.000000	2276.000000	2276.000000
0.771015	0.968196	0.640559	9855.000000	15385.000000	2405.000000	2484.000000
0.723307	0.790127	0.666908	11993.000000	17983.000000	2417.000000	3059.000000
0.643625	0.846961	0.519020	7163.000000	13801.000000	1533.000000	1810.000000
0.735343	0.879500	0.631788	6992.000000	11067.000000	1759.000000	2000.000000
0.749979	0.952298	0.618563	5718.000000	9244.000000	1098.000000	1153.000000
0.589443	0.683973	0.517870	7129.000000	13766.000000	1818.000000	2658.000000
0.827158	0.814631	0.840077	13516.000000	16089.000000	2461.000000	3021.000000
0.730020	0.809888	0.664491	5904.000000	8885.000000	1376.000000	1699.000000
0.793955	0.981934	0.666384	9446.000000	14175.000000	2011.000000	2048.000000
0.731451	0.687204	0.781788	5675.000000	7259.000000	2175.000000	3165.000000
0.827252	0.991079	0.709904	10508.000000	14802.000000	2444.000000	2466.000000
0.698553	0.662177	0.739157	7158.000000	9684.000000	1819.000000	2747.000000
0.306289	0.841076	0.187237	1335.000000	7130.000000	344.000000	409.000000
0.748813	0.885135	0.648877	7222.000000	11130.000000	2882.000000	3256.000000
0.739255	0.904292	0.625161	7772.000000	12432.000000	1833.000000	2027.000000
0.575125	0.958806	0.410755	7012.000000	17071.000000	1606.000000	1675.000000
0.817764	0.942918	0.721940	10954.000000	15173.000000	2676.000000	2838.000000
0.899804	0.986233	0.827302	12666.000000	15310.000000	2364.000000	2397.000000
0.692891	0.946073	0.546610	8168.000000	14943.000000	1807.000000	1910.000000
0.669999	0.867742	0.545654	7219.000000	13230.000000	1614.000000	1860.000000
0.505976	0.932903	0.347121	6210.000000	17890.000000	1446.000000	1550.000000
0.881881	0.936677	0.833141	7220.000000	8666.000000	1494.000000	1595.000000
0.613353	0.965286	0.449478	8821.000000	19625.000000	2308.000000	2391.000000
0.853920	0.999589	0.745307	16159.000000	21681.000000	2435.000000	2436.000000
0.682213	0.966802	0.527065	7663.000000	14539.000000	1427.000000	1476.000000
0.813719	0.994762	0.688427	9607.000000	13955.000000	2279.000000	2291.000000
0.636949	0.949758	0.479141	4709.000000	9828.000000	1966.000000	2070.000000
0.628142	0.788205	0.522115	6894.000000	13204.000000	2486.000000	3154.000000
0.764290	0.885064	0.672520	15665.000000	23293.000000	3111.000000	3515.000000
0.747570	0.989469	0.600711	12329.000000	20524.000000	2349.000000	2374.000000
0.574060	0.511148	0.654632	6473.000000	9888.000000	1559.000000	3050.000000
0.783379	0.972908	0.655653	7382.000000	11259.000000	2011.000000	2067.000000
0.653827	0.998911	0.485951	7108.000000	14627.000000	1834.000000	1836.000000
0.793886	0.935654	0.689426	9421.000000	13665.000000	2123.000000	2269.000000
0.760815	0.989040	0.618169	13541.000000	21905.000000	4061.000000	4106.000000
0.627035	0.548022	0.732672	12632.000000	17241.000000	2853.000000	5206.000000
0.630143	0.889209	0.487975	9374.000000	19210.000000	2472.000000	2780.000000
0.799764	0.925330	0.704204	10587.000000	15034.000000	2590.000000	2799.000000
0.180366	0.746177	0.102581	2043.000000	19916.000000	488.000000	654.000000
0.857543	0.985871	0.758775	14397.000000	18974.000000	2512.000000	2548.000000
0.657640	0.850270	0.536170	12778.000000	23832.000000	2987.000000	3513.000000
0.734582	0.895427	0.622723	10255.000000	16468.000000	2526.000000	2821.000000
0.718727	0.821837	0.638606	7533.000000	11796.000000	2657.000000	3233.000000
0.720840	0.969711	0.573623	8438.000000	14710.000000	2081.000000	2146.000000
0.786379	0.945616	0.673043	17487.000000	25982.000000	4486.000000	4744.000000
0.759807	0.834951	0.697071	13305.000000	19087.000000	2924.000000	3502.000000
0.785149	0.884100	0.706118	12511.000000	17718.000000	2441.000000	2761.000000
0.755788	0.952526	0.626408	8506.000000	13579.000000	2508.000000	2633.000000
0.601503	0.998579	0.430370	7692.000000	17873.000000	1405.000000	1407.000000
0.853459	0.986331	0.752135	8630.000000	11474.000000	1804.000000	1829.000000
0.638346	0.967901	0.476205	7625.000000	16012.000000	1960.000000	2025.000000
0.842955	0.986884	0.735665	21079.000000	28653.000000	4364.000000	4422.000000
0.857272	0.999219	0.750637	7658.000000	10202.000000	1280.000000	1281.000000
0.679385	1.000000	0.514446	4754.000000	9241.000000	1041.000000	1041.000000
0.412070	0.805835	0.276809	2762.000000	9978.000000	801.000000	994.000000
0.661001	0.950113	0.506788	7988.000000	15762.000000	1676.000000	1764.000000
0.908637	0.893703	0.924079	7522.000000	8140.000000	1320.000000	1477.000000
0.482659	0.477924	0.487488	4539.000000	9311.000000	1050.000000	2197.000000
0.611598	0.903078	0.462364	7629.000000	16500.000000	1966.000000	2177.000000
0.682372	0.854511	0.567958	9444.000000	16628.000000	2273.000000	2660.000000
0.756223	1.000000	0.608005	2795.000000	4597.000000	561.000000	561.000000
0.276570	0.880546	0.164048	3456.000000	21067.000000	774.000000	879.000000
0.748632	0.929000	0.626915	12154.000000	19387.000000	2944.000000	3169.000000
0.701489	0.984163	0.544963	5145.000000	9441.000000	870.000000	884.000000
0.567616	1.000000	0.396273	638.000000	1610.000000	170.000000	170.000000
0.745229	0.860692	0.657080	13526.000000	20585.000000	3534.000000	4106.000000
0.741352	1.000000	0.589007	12034.000000	20431.000000	2700.000000	2700.000000
0.495172	0.959760	0.333659	4781.000000	14329.000000	1121.000000	1168.000000
0.735089	0.992258	0.583786	10737.000000	18392.000000	1538.000000	1550.000000
0.787238	0.994291	0.651557	4729.000000	7258.000000	1045.000000	1051.000000
0.748714	0.945580	0.619696	11874.000000	19161.000000	2867.000000	3032.000000
0.699625	0.976828	0.544973	12148.000000	22291.000000	2698.000000	2762.000000
0.272564	0.978395	0.158337	1527.000000	9644.000000	317.000000	324.000000
0.863019	0.882801	0.844105	8463.000000	10026.000000	1740.000000	1971.000000
0.603767	0.845741	0.469453	5133.000000	10934.000000	1102.000000	1303.000000
0.677680	0.879778	0.551088	6359.000000	11539.000000	1588.000000	1805.000000
0.636693	0.988285	0.469620	5395.000000	11488.000000	1181.000000	1195.000000
0.762090	0.846812	0.692779	9834.000000	14195.000000	2377.000000	2807.000000
0.726517	0.904044	0.607268	11832.000000	19484.000000	2817.000000	3116.000000
0.849937	0.934227	0.779598	9278.000000	11901.000000	1534.000000	1642.000000
0.628583	0.982829	0.462046	8333.000000	18035.000000	2404.000000	2446.000000
0.805073	0.916506	0.717800	10856.000000	15124.000000	3337.000000	3641.000000
0.689413	0.864865	0.573142	13854.000000	24172.000000	3776.000000	4366.000000
0.756439	0.793708	0.722513	7176.000000	9932.000000	1993.000000	2511.000000
0.859246	0.897668	0.823979	10144.000000	12311.000000	2079.000000	2316.000000
0.225805	1.000000	0.127272	2892.000000	22723.000000	601.000000	601.000000
0.890025	0.994926	0.805136	9532.000000	11839.000000	2353.000000	2365.000000
0.693096	0.982848	0.535288	13948.000000	26057.000000	3209.000000	3265.000000
0.591248	0.949515	0.429276	5748.000000	13390.000000	1467.000000	1545.000000
0.383947	0.883570	0.245262	4995.000000	20366.000000	1495.000000	1692.000000
0.755912	0.822415	0.699360	11794.000000	16864.000000	2649.000000	3221.000000
0.797167	0.932005	0.696414	15865.000000	22781.000000	2947.000000	3162.000000
0.854182	0.989987	0.751141	19085.000000	25408.000000	3955.000000	3995.000000
0.725064	0.836418	0.639876	14474.000000	22620.000000	3886.000000	4646.000000
0.651054	0.795427	0.551039	9150.000000	16605.000000	1948.000000	2449.000000
0.719785	0.919521	0.591336	7112.000000	12027.000000	1611.000000	1752.000000
0.673329	0.930545	0.527516	16094.000000	30509.000000	3671.000000	3945.000000
0.716067	0.791548	0.653729	8977.000000	13732.000000	1948.000000	2461.000000
0.858451	0.991771	0.756728	11192.000000	14790.000000	3013.000000	3038.000000
0.708839	0.997402	0.549780	14258.000000	25934.000000	3455.000000	3464.000000
0.786669	0.843531	0.736990	8129.000000	11030.000000	1682.000000	1994.000000
0.770090	0.984776	0.632255	7288.000000	11527.000000	2070.000000	2102.000000
0.771735	0.915152	0.667179	8249.000000	12364.000000	1661.000000	1815.000000
0.894856	0.944000	0.850576	10713.000000	12595.000000	1770.000000	1875.000000
0.692949	0.821543	0.599163	4580.000000	7644.000000	1022.000000	1244.000000
0.315999	0.933170	0.190204	3025.000000	15904.000000	1145.000000	1227.000000
0.303209	0.802685	0.186906	2498.000000	13365.000000	598.000000	745.000000
0.858552	0.936766	0.792392	10290.000000	12986.000000	2474.000000	2641.000000
0.691256	0.838473	0.588014	7977.000000	13566.000000	1713.000000	2043.000000
0.644189	0.771026	0.553187	7785.000000	14073.000000	2081.000000	2699.000000
0.860494	1.000000	0.755146	10896.000000	14429.000000	2030.000000	2030.000000
0.715341	0.994071	0.558689	10600.000000	18973.000000	2012.000000	2024.000000
0.621050	0.902997	0.473276	9953.000000	21030.000000	3314.000000	3670.000000
0.746800	0.921166	0.627939	11085.000000	17653.000000	2559.000000	2778.000000
0.670791	0.881877	0.541239	2533.000000	4680.000000	545.000000	618.000000
0.749816	0.883721	0.651150	4924.000000	7562.000000	1026.000000	1161.000000
0.650561	0.633675	0.668372	12542.000000	18765.000000	2593.000000	4092.000000
0.519003	0.994152	0.351165	6420.000000	18282.000000	1360.000000	1368.000000
0.856542	0.941647	0.785545	29095.000000	37038.000000	4470.000000	4747.000000
0.810239	0.973647	0.693798	17159.000000	24732.000000	4175.000000	4288.000000
0.589962	0.819581	0.460848	8828.000000	19156.000000	1917.000000	2339.000000
0.562206	0.782637	0.438657	5356.000000	12210.000000	1199.000000	1532.000000
0.653348	0.784051	0.559995	4499.000000	8034.000000	1111.000000	1417.000000
0.704706	0.920114	0.571024	11296.000000	19782.000000	3225.000000	3505.000000
0.817550	0.966408	0.708429	11750.000000	16586.000000	2618.000000	2709.000000
0.546786	1.000000	0.376260	4666.000000	12401.000000	945.000000	945.000000
0.762350	0.995098	0.617841	11068.000000	17914.000000	2436.000000	2448.000000
0.638346	0.838084	0.515490	12812.000000	24854.000000	3499.000000	4175.000000
0.730843	1.000000	0.575849	2103.000000	3652.000000	422.000000	422.000000
0.692780	1.000000	0.529965	9922.000000	18722.000000	2438.000000	2438.000000
0.180317	0.942496	0.099695	2125.000000	21315.000000	672.000000	713.000000
0.050849	0.950000	0.026123	318.000000	12173.000000	247.000000	260.000000
0.918113	0.963250	0.877017	10761.000000	12270.000000	2857.000000	2966.000000
0.740880	0.892599	0.633244	6145.000000	9704.000000	1604.000000	1797.000000
0.790925	0.796857	0.785081	6557.000000	8352.000000	1369.000000	1718.000000
0.723773	0.778860	0.675964	8434.000000	12477.000000	2159.000000	2772.000000
0.781461	0.831653	0.736983	10177.000000	13809.000000	2475.000000	2976.000000
