0.601955	0.965678	0.437260	7750.000000	17724.000000	1660.000000	1719.000000
0.348887	0.754775	0.226880	3594.000000	15841.000000	988.000000	1309.000000
0.287594	0.996450	0.168048	3731.000000	22202.000000	842.000000	845.000000
0.702111	0.782332	0.636813	7864.000000	12349.000000	1718.000000	2196.000000
0.198410	0.590487	0.119238	2990.000000	25076.000000	509.000000	862.000000
0.419356	0.873016	0.275956	2230.000000	8081.000000	385.000000	441.000000
0.683408	0.940060	0.536841	4306.000000	8021.000000	941.000000	1001.000000
0.702074	0.879624	0.584163	5223.000000	8941.000000	1403.000000	1595.000000
0.646203	1.000000	0.477327	6221.000000	13033.000000	1328.000000	1328.000000
0.501486	0.652236	0.407339	3741.000000	9184.000000	919.000000	1409.000000
0.453438	0.865815	0.307148	3558.000000	11584.000000	813.000000	939.000000
0.829936	0.979310	0.720098	5557.000000	7717.000000	1278.000000	1305.000000
0.614923	0.851630	0.481181	5574.000000	11584.000000	1280.000000	1503.000000
0.612040	0.982641	0.444426	8061.000000	18138.000000	1868.000000	1901.000000
0.870818	0.987527	0.778779	13307.000000	17087.000000	2296.000000	2325.000000
0.876174	0.991159	0.785096	12326.000000	15700.000000	2130.000000	2149.000000
0.678511	1.000000	0.513444	8364.000000	16290.000000	1404.000000	1404.000000
0.737658	0.988387	0.588397	12424.000000	21115.000000	2298.000000	2325.000000
0.821973	0.908700	0.750359	9405.000000	12534.000000	2747.000000	3023.000000
0.741311	0.932359	0.615243	7661.000000	12452.000000	1723.000000	1848.000000
0.742881	0.973094	0.600756	4770.000000	7940.000000	1519.000000	1561.000000
0.699268	0.833469	0.602290	6050.000000	10045.000000	2052.000000	2462.000000
0.568141	0.901355	0.414798	6845.000000	16502.000000	1663.000000	1845.000000
0.663601	1.000000	0.496559	10175.000000	20491.000000	2302.000000	2302.000000
0.000000	1.000000	0.000000	0.000000	6444.000000	0.000000	0.000000
0.825022	0.946638	0.731097	4119.000000	5634.000000	887.000000	937.000000
0.770272	0.966578	0.640243	6542.000000	10218.000000	1446.000000	1496.000000
0.695324	0.954842	0.546728	4721.000000	8635.000000	2051.000000	2148.000000
0.885779	1.000000	0.794977	2912.000000	3663.000000	583.000000	583.000000
0.468969	0.921505	0.314515	2897.000000	9211.000000	857.000000	930.000000
0.839849	0.962158	0.745128	10706.000000	14368.000000	2568.000000	2669.000000
0.571332	0.986450	0.402115	5743.000000	14282.000000	1456.000000	1476.000000
0.771584	0.892667	0.679426	10419.000000	15335.000000	3019.000000	3382.000000
0.772234	0.943840	0.653430	10021.000000	15336.000000	1647.000000	1745.000000
0.731044	0.969325	0.586797	10871.000000	18526.000000	2844.000000	2934.000000
0.731717	0.982021	0.583095	10996.000000	18858.000000	2731.000000	2781.000000
0.723356	0.945708	0.585658	5521.000000	9427.000000	1289.000000	1363.000000
0.444915	0.848346	0.301525	3697.000000	12261.000000	923.000000	1088.000000
0.544303	0.925654	0.385489	8246.000000	21391.000000	2017.000000	2179.000000
0.295223	0.304189	0.286770	1552.000000	5412.000000	334.000000	1098.000000
0.724132	0.955829	0.582847	9793.000000	16802.000000	2099.000000	2196.000000
0.754614	0.860472	0.671949	10559.000000	15714.000000	2880.000000	3347.000000
0.686228	0.982834	0.527144	10992.000000	20852.000000	3607.000000	3670.000000
0.523122	0.976471	0.357257	6038.000000	16901.000000	1162.000000	1190.000000
0.492827	0.896507	0.339815	5627.000000	16559.000000	1386.000000	1546.000000
0.809283	0.979219	0.689607	10331.000000	14981.000000	2733.000000	2791.000000
0.528557	0.760331	0.405076	5251.000000	12963.000000	1472.000000	1936.000000
0.000000	1.000000	0.000000	0.000000	21977.000000	0.000000	0.000000
0.677501	0.845679	0.565117	6600.000000	11679.000000	1233.000000	1458.000000
0.118121	0.679634	0.064682	706.000000	10915.000000	297.000000	437.000000
0.678643	0.787349	0.596312	5142.000000	8623.000000	1170.000000	1486.000000
0.836424	0.995606	0.721126	13418.000000	18607.000000	2266.000000	2276.000000
0.842224	0.967175	0.745864	9873.000000	13237.000000	2092.000000	2163.000000
0.604528	0.769841	0.497662	3725.000000	7485.000000	1067.000000	1386.000000
0.821567	0.970492	0.712267	13308.000000	18684.000000	2960.000000	3050.000000
0.691908	0.976972	0.535622	14961.000000	27932.000000	1994.000000	2041.000000
0.574065	0.790881	0.450549	7872.000000	17472.000000	2012.000000	2544.000000
0.770788	0.999120	0.627405	9359.000000	14917.000000	2272.000000	2274.000000
0.710905	0.920091	0.579217	5312.000000	9171.000000	1209.000000	1314.000000
0.346359	0.967422	0.210940	4265.000000	20219.000000	683.000000	706.000000
0.691096	0.939940	0.546431	9662.000000	17682.000000	1878.000000	1998.000000
0.954187	0.985887	0.924462	5495.000000	5944.000000	1467.000000	1488.000000
0.932633	1.000000	0.873769	8341.000000	9546.000000	2276.000000	2276.000000
0.733553	0.987713	0.583425	8976.000000	15385.000000	2090.000000	2116.000000
0.662300	0.901441	0.523439	9413.000000	17983.000000	1939.000000	2151.000000
0.636010	0.845023	0.509891	7037.000000	13801.000000	1494.000000	1768.000000
0.724980	0.949967	0.586157	6487.000000	11067.000000	1443.000000	1519.000000
0.631352	0.945373	0.473929	4381.000000	9244.000000	848.000000	897.000000
0.601624	0.739111	0.507264	6983.000000	13766.000000	1697.000000	2296.000000
0.866715	0.982251	0.775499	12477.000000	16089.000000	2269.000000	2310.000000
0.702108	0.930442	0.563759	5009.000000	8885.000000	1137.000000	1222.000000
0.758637	0.994904	0.613051	8690.000000	14175.000000	1757.000000	1766.000000
0.690869	0.732037	0.654085	4748.000000	7259.000000	1844.000000	2519.000000
0.802179	0.998630	0.670315	9922.000000	14802.000000	2187.000000	2190.000000
0.652954	0.661125	0.644981	6246.000000	9684.000000	1551.000000	2346.000000
0.306639	0.843521	0.187377	1336.000000	7130.000000	345.000000	409.000000
0.708614	0.904692	0.582390	6482.000000	11130.000000	2468.000000	2728.000000
0.737311	0.903865	0.622587	7740.000000	12432.000000	1824.000000	2018.000000
0.564243	0.959484	0.399625	6822.000000	17071.000000	1563.000000	1629.000000
0.747852	0.947392	0.617742	9373.000000	15173.000000	2071.000000	2186.000000
0.831993	0.985146	0.720052	11024.000000	15310.000000	2056.000000	2087.000000
0.633210	0.938909	0.477682	7138.000000	14943.000000	1583.000000	1686.000000
0.589951	0.896576	0.439607	5816.000000	13230.000000	1257.000000	1402.000000
0.430254	0.924356	0.280380	5016.000000	17890.000000	1112.000000	1203.000000
0.834586	0.960555	0.737826	6394.000000	8666.000000	1315.000000	1369.000000
0.491353	0.979298	0.327949	6436.000000	19625.000000	1703.000000	1739.000000
0.680201	1.000000	0.515382	11174.000000	21681.000000	1650.000000	1650.000000
0.667403	0.977110	0.506775	7368.000000	14539.000000	1366.000000	1398.000000
0.766069	0.994980	0.622788	8691.000000	13955.000000	1982.000000	1992.000000
0.629319	0.954198	0.469475	4614.000000	9828.000000	1875.000000	1965.000000
0.542671	0.775733	0.417298	5510.000000	13204.000000	2065.000000	2662.000000
0.754718	0.908477	0.645473	15035.000000	23293.000000	2958.000000	3256.000000
0.672734	0.987120	0.510232	10472.000000	20524.000000	1916.000000	1941.000000
0.565698	0.506684	0.640271	6331.000000	9888.000000	1516.000000	2992.000000
0.685164	0.968571	0.530065	5968.000000	11259.000000	1695.000000	1750.000000
0.562002	0.999358	0.390921	5718.000000	14627.000000	1557.000000	1558.000000
0.729858	0.928643	0.601171	8215.000000	13665.000000	1848.000000	1990.000000
0.710096	0.986831	0.554577	12148.000000	21905.000000	3447.000000	3493.000000
0.624638	0.593062	0.659765	11375.000000	17241.000000	2479.000000	4180.000000
0.530368	0.909138	0.374388	7192.000000	19210.000000	1771.000000	1948.000000
0.805720	0.945628	0.701876	10552.000000	15034.000000	2574.000000	2722.000000
0.127808	0.669528	0.070647	1407.000000	19916.000000	312.000000	466.000000
0.859049	0.991301	0.757932	14381.000000	18974.000000	2507.000000	2529.000000
0.586598	0.935352	0.427283	10183.000000	23832.000000	2286.000000	2444.000000
0.644397	0.903285	0.500850	8248.000000	16468.000000	1980.000000	2192.000000
0.683604	0.892581	0.553917	6534.000000	11796.000000	2310.000000	2588.000000
0.637477	0.994238	0.469137	6901.000000	14710.000000	1553.000000	1562.000000
0.755179	0.951064	0.626203	16270.000000	25982.000000	3887.000000	4087.000000
0.647261	0.837558	0.527427	10067.000000	19087.000000	2181.000000	2604.000000
0.771800	0.880508	0.686985	12172.000000	17718.000000	2358.000000	2678.000000
0.692208	0.945163	0.546064	7415.000000	13579.000000	2120.000000	2243.000000
0.566698	0.998431	0.395625	7071.000000	17873.000000	1273.000000	1275.000000
0.857171	1.000000	0.750044	8606.000000	11474.000000	1793.000000	1793.000000
0.489073	0.967994	0.327192	5239.000000	16012.000000	1240.000000	1281.000000
0.788069	0.992572	0.653439	18723.000000	28653.000000	3875.000000	3904.000000
0.854802	1.000000	0.746422	7615.000000	10202.000000	1272.000000	1272.000000
0.679669	1.000000	0.514771	4757.000000	9241.000000	1041.000000	1041.000000
0.411938	0.804829	0.276809	2762.000000	9978.000000	800.000000	994.000000
0.602170	0.942029	0.442520	6975.000000	15762.000000	1430.000000	1518.000000
0.906652	0.894593	0.919042	7481.000000	8140.000000	1307.000000	1461.000000
0.465871	0.465734	0.466008	4339.000000	9311.000000	999.000000	2145.000000
0.456980	0.939871	0.301879	4981.000000	16500.000000	1313.000000	1397.000000
0.690133	0.910393	0.555689	9240.000000	16628.000000	2225.000000	2444.000000
0.685820	1.000000	0.521862	2399.000000	4597.000000	481.000000	481.000000
0.198653	0.840310	0.112641	2373.000000	21067.000000	542.000000	645.000000
0.723116	0.980678	0.572703	11103.000000	19387.000000	2690.000000	2743.000000
0.701138	0.984163	0.544540	5141.000000	9441.000000	870.000000	884.000000
0.472486	1.000000	0.309317	498.000000	1610.000000	100.000000	100.000000
0.692612	0.913788	0.557639	11479.000000	20585.000000	2830.000000	3097.000000
0.688513	1.000000	0.524987	10726.000000	20431.000000	2423.000000	2423.000000
0.377817	0.946324	0.236025	3382.000000	14329.000000	811.000000	857.000000
0.670281	0.992593	0.505981	9306.000000	18392.000000	1340.000000	1350.000000
0.788237	0.996194	0.652108	4733.000000	7258.000000	1047.000000	1051.000000
0.636181	0.938277	0.481238	9221.000000	19161.000000	2189.000000	2333.000000
0.643600	0.973554	0.480687	10715.000000	22291.000000	2356.000000	2420.000000
0.272410	0.978395	0.158233	1526.000000	9644.000000	317.000000	324.000000
0.738737	0.884828	0.634051	6357.000000	10026.000000	1283.000000	1450.000000
0.460567	0.997183	0.299433	3274.000000	10934.000000	708.000000	710.000000
0.677451	0.879224	0.551001	6358.000000	11539.000000	1587.000000	1805.000000
0.561573	1.000000	0.390407	4485.000000	11488.000000	909.000000	909.000000
0.618748	0.835277	0.491370	6975.000000	14195.000000	1719.000000	2058.000000
0.699363	0.905443	0.569698	11100.000000	19484.000000	2595.000000	2866.000000
0.850236	0.934227	0.780103	9284.000000	11901.000000	1534.000000	1642.000000
0.403408	0.972222	0.254505	4590.000000	18035.000000	1330.000000	1368.000000
0.679540	0.931159	0.534978	8091.000000	15124.000000	2313.000000	2484.000000
0.679859	0.881315	0.553368	13376.000000	24172.000000	3646.000000	4137.000000
0.712782	0.842834	0.617499	6133.000000	9932.000000	1582.000000	1877.000000
0.887434	0.966165	0.820567	10102.000000	12311.000000	2056.000000	2128.000000
0.000000	1.000000	0.000000	0.000000	22723.000000	0.000000	0.000000
0.889777	0.995339	0.804460	9524.000000	11839.000000	2349.000000	2360.000000
0.574048	0.980157	0.405879	10576.000000	26057.000000	2371.000000	2419.000000
0.506167	0.977314	0.341524	4573.000000	13390.000000	1077.000000	1102.000000
0.305882	0.894737	0.184474	3757.000000	20366.000000	1156.000000	1292.000000
0.629626	0.780760	0.527514	8896.000000	16864.000000	1891.000000	2422.000000
0.762308	0.933034	0.644397	14680.000000	22781.000000	2703.000000	2897.000000
0.795172	0.994269	0.662508	16833.000000	25408.000000	3470.000000	3490.000000
0.674357	0.836428	0.564898	12778.000000	22620.000000	3288.000000	3931.000000
0.651149	0.795835	0.550979	9149.000000	16605.000000	1949.000000	2449.000000
0.719633	0.919429	0.591170	7110.000000	12027.000000	1609.000000	1750.000000
0.523412	0.955083	0.360484	10998.000000	30509.000000	2424.000000	2538.000000
0.713149	0.823718	0.628750	8634.000000	13732.000000	1799.000000	2184.000000
0.747671	1.000000	0.597025	8830.000000	14790.000000	2259.000000	2259.000000
0.644248	0.997744	0.475708	12337.000000	25934.000000	2653.000000	2659.000000
0.757475	0.835282	0.692928	7643.000000	11030.000000	1572.000000	1882.000000
0.704876	0.995523	0.545589	6289.000000	11527.000000	1779.000000	1787.000000
0.754462	0.916618	0.641055	7926.000000	12364.000000	1583.000000	1727.000000
0.912301	0.994193	0.842874	10616.000000	12595.000000	1712.000000	1722.000000
0.454541	0.833068	0.312533	2389.000000	7644.000000	524.000000	629.000000
0.205067	1.000000	0.114248	1817.000000	15904.000000	616.000000	616.000000
0.269110	0.812983	0.161242	2155.000000	13365.000000	526.000000	647.000000
0.858257	0.936388	0.792161	10287.000000	12986.000000	2473.000000	2641.000000
0.595206	0.821884	0.466534	6329.000000	13566.000000	1352.000000	1645.000000
0.302130	0.780702	0.187309	2636.000000	14073.000000	712.000000	912.000000
0.860404	1.000000	0.755007	10894.000000	14429.000000	2030.000000	2030.000000
0.605776	0.992152	0.435988	8272.000000	18973.000000	1517.000000	1529.000000
0.580669	0.906014	0.427247	8985.000000	21030.000000	2998.000000	3309.000000
0.720810	0.914428	0.594856	10501.000000	17653.000000	2383.000000	2606.000000
0.699277	1.000000	0.537607	2516.000000	4680.000000	540.000000	540.000000
0.751383	0.947674	0.622454	4707.000000	7562.000000	978.000000	1032.000000
0.635386	0.729911	0.562537	10556.000000	18765.000000	1962.000000	2688.000000
0.517419	0.994822	0.349634	6392.000000	18282.000000	1345.000000	1352.000000
0.828175	0.937696	0.741563	27466.000000	37038.000000	4184.000000	4462.000000
0.779144	0.972493	0.649927	16074.000000	24732.000000	3889.000000	3999.000000
0.495503	0.776665	0.363802	6969.000000	19156.000000	1318.000000	1697.000000
0.567409	0.890734	0.416298	5083.000000	12210.000000	1019.000000	1144.000000
0.647212	0.778832	0.553647	4448.000000	8034.000000	1067.000000	1370.000000
0.656095	0.956663	0.499242	9876.000000	19782.000000	2649.000000	2769.000000
0.697605	1.000000	0.535632	8884.000000	16586.000000	1992.000000	1992.000000
0.546616	1.000000	0.376099	4664.000000	12401.000000	945.000000	945.000000
0.755007	0.995432	0.608128	10894.000000	17914.000000	2397.000000	2408.000000
0.631500	0.836606	0.507162	12605.000000	24854.000000	3451.000000	4125.000000
0.731284	1.000000	0.576396	2105.000000	3652.000000	422.000000	422.000000
0.665954	1.000000	0.499199	9346.000000	18722.000000	2251.000000	2251.000000
0.126793	0.914046	0.068121	1452.000000	21315.000000	436.000000	477.000000
0.031374	1.000000	0.015937	194.000000	12173.000000	124.000000	124.000000
0.906651	0.962963	0.856561	10510.000000	12270.000000	2808.000000	2916.000000
0.725327	0.893198	0.610573	5925.000000	9704.000000	1497.000000	1676.000000
0.718681	0.881903	0.606442	5065.000000	8352.000000	1038.000000	1177.000000
0.711410	0.881776	0.596217	7439.000000	12477.000000	1887.000000	2140.000000
0.769626	0.838606	0.711130	9820.000000	13809.000000	2359.000000	2813.000000
