0.773478	0.913089	0.670898	11891.000000	17724.000000	2595.000000	2842.000000
0.565248	0.856217	0.421880	6683.000000	15841.000000	2114.000000	2469.000000
0.691760	0.916989	0.555355	12330.000000	22202.000000	3557.000000	3879.000000
0.770619	0.726986	0.819823	10124.000000	12349.000000	2306.000000	3172.000000
0.532923	0.802381	0.398947	10004.000000	25076.000000	1685.000000	2100.000000
0.775250	0.915628	0.672194	5432.000000	8081.000000	955.000000	1043.000000
0.764727	0.867332	0.683830	5485.000000	8021.000000	1216.000000	1402.000000
0.762063	0.814715	0.715804	6400.000000	8941.000000	1816.000000	2229.000000
0.902095	0.996340	0.824139	10741.000000	13033.000000	2178.000000	2186.000000
0.557328	0.545794	0.569360	5229.000000	9184.000000	1460.000000	2675.000000
0.445380	0.726887	0.321046	3719.000000	11584.000000	857.000000	1179.000000
0.703785	0.651501	0.765194	5905.000000	7717.000000	1389.000000	2132.000000
0.664360	0.611266	0.727555	8428.000000	11584.000000	1975.000000	3231.000000
0.816596	0.982794	0.698478	12669.000000	18138.000000	3370.000000	3429.000000
0.877658	0.959905	0.808392	13813.000000	17087.000000	2418.000000	2519.000000
0.935386	0.971589	0.901783	14158.000000	15700.000000	2599.000000	2675.000000
0.772198	0.859614	0.700921	11418.000000	16290.000000	2137.000000	2486.000000
0.839845	0.950284	0.752404	15887.000000	21115.000000	3842.000000	4043.000000
0.809361	0.791554	0.827988	10378.000000	12534.000000	3224.000000	4073.000000
0.845373	0.892959	0.802602	9994.000000	12452.000000	3437.000000	3849.000000
0.729726	0.711994	0.748363	5942.000000	7940.000000	2042.000000	2868.000000
0.719003	0.677320	0.766152	7696.000000	10045.000000	2861.000000	4224.000000
0.797805	0.847435	0.753666	12437.000000	16502.000000	3866.000000	4562.000000
0.768745	0.872754	0.686887	14075.000000	20491.000000	3546.000000	4063.000000
0.273741	0.975155	0.159218	1026.000000	6444.000000	314.000000	322.000000
0.821609	0.937698	0.731097	4119.000000	5634.000000	888.000000	947.000000
0.825834	0.944260	0.733803	7498.000000	10218.000000	1711.000000	1812.000000
0.782719	0.809412	0.757730	6543.000000	8635.000000	3096.000000	3825.000000
0.944685	1.000000	0.895168	3279.000000	3663.000000	664.000000	664.000000
0.535717	0.800926	0.402454	3707.000000	9211.000000	1211.000000	1512.000000
0.859614	0.848888	0.870615	12509.000000	14368.000000	3702.000000	4361.000000
0.746802	0.893180	0.641647	9164.000000	14282.000000	2567.000000	2874.000000
0.835786	0.783412	0.895664	13735.000000	15335.000000	4789.000000	6113.000000
0.826645	0.879562	0.779734	11958.000000	15336.000000	2169.000000	2466.000000
0.815280	0.866766	0.769567	14257.000000	18526.000000	4079.000000	4706.000000
0.860724	0.923111	0.806236	15204.000000	18858.000000	4214.000000	4565.000000
0.790484	0.875393	0.720590	6793.000000	9427.000000	1672.000000	1910.000000
0.667383	0.771470	0.588043	7210.000000	12261.000000	2120.000000	2748.000000
0.743937	0.817085	0.682811	14606.000000	21391.000000	4266.000000	5221.000000
0.432001	0.331351	0.620473	3358.000000	5412.000000	780.000000	2354.000000
0.827635	0.903977	0.763183	12823.000000	16802.000000	2796.000000	3093.000000
0.833097	0.810771	0.856688	13462.000000	15714.000000	3809.000000	4698.000000
0.844988	0.936301	0.769902	16054.000000	20852.000000	5615.000000	5997.000000
0.763204	0.909906	0.657239	11108.000000	16901.000000	2131.000000	2342.000000
0.785464	0.850055	0.729996	12088.000000	16559.000000	3067.000000	3608.000000
0.910803	0.979719	0.850945	12748.000000	14981.000000	3768.000000	3846.000000
0.675255	0.699420	0.652704	8461.000000	12963.000000	2655.000000	3796.000000
0.411577	0.764975	0.281522	6187.000000	21977.000000	1673.000000	2187.000000
0.696255	0.814456	0.608014	7101.000000	11679.000000	1431.000000	1757.000000
0.539473	0.770833	0.414934	4529.000000	10915.000000	1591.000000	2064.000000
0.755391	0.799089	0.716224	6176.000000	8623.000000	1404.000000	1757.000000
0.893795	0.993021	0.812597	15120.000000	18607.000000	2561.000000	2579.000000
0.833919	0.860058	0.809322	10713.000000	13237.000000	2360.000000	2744.000000
0.714513	0.736817	0.693520	5191.000000	7485.000000	1523.000000	2067.000000
0.819512	0.943437	0.724363	13534.000000	18684.000000	3069.000000	3253.000000
0.687437	0.714947	0.661965	18490.000000	27932.000000	2779.000000	3887.000000
0.732939	0.745176	0.721097	12599.000000	17472.000000	3553.000000	4768.000000
0.836363	0.953945	0.744587	11107.000000	14917.000000	2962.000000	3105.000000
0.721545	0.917690	0.594483	5452.000000	9171.000000	1271.000000	1385.000000
0.659050	0.984643	0.495277	10014.000000	20219.000000	1667.000000	1693.000000
0.801094	0.919025	0.709988	12554.000000	17682.000000	2565.000000	2791.000000
0.948515	0.939597	0.957604	5692.000000	5944.000000	1540.000000	1639.000000
0.935014	1.000000	0.877959	8381.000000	9546.000000	2303.000000	2303.000000
0.794345	0.929568	0.693468	10669.000000	15385.000000	2666.000000	2868.000000
0.769212	0.784339	0.754657	13571.000000	17983.000000	3015.000000	3844.000000
0.761591	0.841306	0.695674	9601.000000	13801.000000	2216.000000	2634.000000
0.751777	0.845597	0.676696	7489.000000	11067.000000	2218.000000	2623.000000
0.776497	0.865276	0.704241	6510.000000	9244.000000	1535.000000	1774.000000
0.632563	0.613700	0.652622	8984.000000	13766.000000	2634.000000	4292.000000
0.827034	0.766958	0.897321	14437.000000	16089.000000	2725.000000	3553.000000
0.702997	0.610284	0.828925	7365.000000	8885.000000	1804.000000	2956.000000
0.788528	0.853090	0.733051	10391.000000	14175.000000	2526.000000	2961.000000
0.679633	0.585613	0.809616	5877.000000	7259.000000	2312.000000	3948.000000
0.832348	0.914003	0.764086	11310.000000	14802.000000	2774.000000	3035.000000
0.686289	0.604078	0.794403	7693.000000	9684.000000	1985.000000	3286.000000
0.604038	0.900000	0.454558	3241.000000	7130.000000	972.000000	1080.000000
0.834994	0.810269	0.861276	9586.000000	11130.000000	4245.000000	5239.000000
0.719502	0.805253	0.650257	8084.000000	12432.000000	1993.000000	2475.000000
0.639457	0.956650	0.480230	8198.000000	17071.000000	1942.000000	2030.000000
0.828764	0.831874	0.825677	12528.000000	15173.000000	3325.000000	3997.000000
0.904758	0.973954	0.844742	12933.000000	15310.000000	2468.000000	2534.000000
0.741003	0.933630	0.614268	9179.000000	14943.000000	2096.000000	2245.000000
0.677741	0.862795	0.558050	7383.000000	13230.000000	1679.000000	1946.000000
0.637608	0.891020	0.496423	8881.000000	17890.000000	2183.000000	2450.000000
0.903233	0.894012	0.912647	7909.000000	8666.000000	1687.000000	1887.000000
0.660309	0.957158	0.504000	9891.000000	19625.000000	2748.000000	2871.000000
0.892934	0.999249	0.807066	17498.000000	21681.000000	2661.000000	2663.000000
0.764627	0.955952	0.637114	9263.000000	14539.000000	1823.000000	1907.000000
0.835089	0.952477	0.743461	10375.000000	13955.000000	2846.000000	2988.000000
0.737790	0.934046	0.609687	5992.000000	9828.000000	2620.000000	2805.000000
0.712591	0.815469	0.632763	8355.000000	13204.000000	3553.000000	4357.000000
0.799947	0.882953	0.731207	17032.000000	23293.000000	3636.000000	4118.000000
0.803007	0.966922	0.686611	14092.000000	20524.000000	2777.000000	2872.000000
0.613126	0.506636	0.776294	7676.000000	9888.000000	1985.000000	3918.000000
0.858574	0.952767	0.781330	8797.000000	11259.000000	2703.000000	2837.000000
0.830611	0.944390	0.741300	10843.000000	14627.000000	2904.000000	3075.000000
0.863446	0.919130	0.814124	11125.000000	13665.000000	2705.000000	2943.000000
0.840733	0.925765	0.770007	16867.000000	21905.000000	5537.000000	5981.000000
0.631774	0.492867	0.879705	15167.000000	17241.000000	3766.000000	7641.000000
0.736588	0.835168	0.658824	12656.000000	19210.000000	3415.000000	4089.000000
0.835655	0.909665	0.772782	11618.000000	15034.000000	2880.000000	3166.000000
0.478614	0.827228	0.336714	6706.000000	19916.000000	1355.000000	1638.000000
0.901482	0.965714	0.845262	16038.000000	18974.000000	2873.000000	2975.000000
0.747180	0.858703	0.661296	15760.000000	23832.000000	3774.000000	4395.000000
0.741387	0.770475	0.714416	11765.000000	16468.000000	3095.000000	4017.000000
0.747558	0.783541	0.714734	8431.000000	11796.000000	3142.000000	4010.000000
0.771653	0.953637	0.647995	9532.000000	14710.000000	2386.000000	2502.000000
0.849513	0.916174	0.791894	20575.000000	25982.000000	5574.000000	6084.000000
0.796242	0.808160	0.784670	14977.000000	19087.000000	3387.000000	4191.000000
0.850203	0.871348	0.830060	14707.000000	17718.000000	2953.000000	3389.000000
0.774175	0.913413	0.671773	9122.000000	13579.000000	2690.000000	2945.000000
0.633180	0.989395	0.465563	8321.000000	17873.000000	1586.000000	1603.000000
0.879185	0.977876	0.798588	9163.000000	11474.000000	1989.000000	2034.000000
0.674727	0.844268	0.561891	8997.000000	16012.000000	2445.000000	2896.000000
0.873370	0.962942	0.799044	22895.000000	28653.000000	5015.000000	5208.000000
0.878843	0.991215	0.789355	8053.000000	10202.000000	1354.000000	1366.000000
0.844565	0.852573	0.836706	7732.000000	9241.000000	1839.000000	2157.000000
0.567110	0.762323	0.451493	4505.000000	9978.000000	1562.000000	2049.000000
0.730690	0.782247	0.685509	10805.000000	15762.000000	2353.000000	3008.000000
0.679330	0.529307	0.948034	7717.000000	8140.000000	1490.000000	2815.000000
0.470485	0.404200	0.562775	5240.000000	9311.000000	1251.000000	3095.000000
0.729849	0.827831	0.652606	10768.000000	16500.000000	3034.000000	3665.000000
0.756074	0.828356	0.695393	11563.000000	16628.000000	3190.000000	3851.000000
0.876177	1.000000	0.779639	3584.000000	4597.000000	727.000000	727.000000
0.476834	0.922992	0.321451	6772.000000	21067.000000	1666.000000	1805.000000
0.828707	0.856393	0.802754	15563.000000	19387.000000	4240.000000	4951.000000
0.700340	0.977604	0.545599	5151.000000	9441.000000	873.000000	893.000000
0.571981	0.631111	0.522981	842.000000	1610.000000	284.000000	450.000000
0.795319	0.828454	0.764732	15742.000000	20585.000000	4443.000000	5363.000000
0.780429	0.999669	0.640057	13077.000000	20431.000000	3023.000000	3024.000000
0.616960	0.968223	0.452718	6487.000000	14329.000000	1493.000000	1542.000000
0.827776	0.943424	0.737386	13562.000000	18392.000000	1951.000000	2068.000000
0.770440	0.917077	0.664233	4821.000000	7258.000000	1117.000000	1218.000000
0.793545	0.903707	0.707322	13553.000000	19161.000000	3632.000000	4019.000000
0.785967	0.938292	0.676192	15073.000000	22291.000000	3482.000000	3711.000000
0.622180	0.900735	0.475218	4583.000000	9644.000000	980.000000	1088.000000
0.880723	0.864407	0.897666	9000.000000	10026.000000	1887.000000	2183.000000
0.642971	0.803825	0.535760	5858.000000	10934.000000	1303.000000	1621.000000
0.791608	0.792857	0.790363	9120.000000	11539.000000	2331.000000	2940.000000
0.718943	0.839359	0.628743	7223.000000	11488.000000	1834.000000	2185.000000
0.795923	0.818410	0.774639	10996.000000	14195.000000	2934.000000	3585.000000
0.859531	0.851035	0.868200	16916.000000	19484.000000	4359.000000	5122.000000
0.880807	0.853866	0.909503	10824.000000	11901.000000	2010.000000	2354.000000
0.705434	0.932829	0.567175	10229.000000	18035.000000	3083.000000	3305.000000
0.796797	0.866733	0.737305	11151.000000	15124.000000	3486.000000	4022.000000
0.780521	0.803510	0.758812	18342.000000	24172.000000	5128.000000	6382.000000
0.780594	0.737260	0.829340	8237.000000	9932.000000	2416.000000	3277.000000
0.869480	0.835567	0.906263	11157.000000	12311.000000	2307.000000	2761.000000
0.480920	0.995547	0.317036	7204.000000	22723.000000	1565.000000	1572.000000
0.888379	0.963593	0.824056	9756.000000	11839.000000	2435.000000	2527.000000
0.790986	0.968837	0.668304	17414.000000	26057.000000	4166.000000	4300.000000
0.670652	0.922316	0.526886	7055.000000	13390.000000	1864.000000	2021.000000
0.628836	0.891385	0.485761	9893.000000	20366.000000	3135.000000	3517.000000
0.796058	0.811374	0.781309	13176.000000	16864.000000	3153.000000	3886.000000
0.847115	0.872526	0.823142	18752.000000	22781.000000	3703.000000	4244.000000
0.896935	0.966247	0.836902	21264.000000	25408.000000	4523.000000	4681.000000
0.758887	0.764041	0.753802	17051.000000	22620.000000	4938.000000	6463.000000
0.746523	0.823706	0.682565	11334.000000	16605.000000	3023.000000	3670.000000
0.757781	0.920290	0.644051	7746.000000	12027.000000	1778.000000	1932.000000
0.776876	0.893013	0.687469	20974.000000	30509.000000	5100.000000	5711.000000
0.739066	0.754375	0.724366	9947.000000	13732.000000	2457.000000	3257.000000
0.878103	0.977952	0.796755	11784.000000	14790.000000	3238.000000	3311.000000
0.800964	0.985093	0.674828	17501.000000	25934.000000	4692.000000	4763.000000
0.821195	0.855349	0.789665	8710.000000	11030.000000	1839.000000	2150.000000
0.830573	0.854522	0.807929	9313.000000	11527.000000	2702.000000	3162.000000
0.806426	0.878125	0.745552	9218.000000	12364.000000	1967.000000	2240.000000
0.918851	0.916240	0.921477	11606.000000	12595.000000	1969.000000	2149.000000
0.701805	0.721360	0.683281	5223.000000	7644.000000	1209.000000	1676.000000
0.558584	0.814915	0.424925	6758.000000	15904.000000	2721.000000	3339.000000
0.512544	0.829994	0.370744	4955.000000	13365.000000	1450.000000	1747.000000
0.844677	0.862240	0.827815	10750.000000	12986.000000	2779.000000	3223.000000
0.689650	0.780892	0.617500	8377.000000	13566.000000	1839.000000	2355.000000
0.659051	0.656429	0.661693	9312.000000	14073.000000	2629.000000	4005.000000
0.865715	0.989100	0.769700	11106.000000	14429.000000	2087.000000	2110.000000
0.808845	0.936164	0.712012	13509.000000	18973.000000	3021.000000	3227.000000
0.814979	0.909031	0.738564	15532.000000	21030.000000	5536.000000	6090.000000
0.802282	0.876745	0.739478	13054.000000	17653.000000	3329.000000	3797.000000
0.713955	0.891207	0.595513	2787.000000	4680.000000	598.000000	671.000000
0.567186	0.461189	0.736445	5569.000000	7562.000000	1218.000000	2641.000000
0.623665	0.526870	0.764029	14337.000000	18765.000000	3402.000000	6457.000000
0.724610	0.894605	0.608905	11132.000000	18282.000000	2852.000000	3188.000000
0.888699	0.896576	0.880960	32629.000000	37038.000000	5184.000000	5782.000000
0.876581	0.973239	0.797388	19721.000000	24732.000000	4946.000000	5082.000000
0.650407	0.800272	0.547818	10494.000000	19156.000000	2356.000000	2944.000000
0.707981	0.766421	0.657821	8032.000000	12210.000000	1972.000000	2573.000000
0.706239	0.763682	0.656833	5277.000000	8034.000000	1535.000000	2010.000000
0.742071	0.883213	0.639824	12657.000000	19782.000000	3804.000000	4307.000000
0.876070	0.965473	0.801821	13299.000000	16586.000000	2992.000000	3099.000000
0.661518	0.986399	0.497621	6171.000000	12401.000000	1378.000000	1397.000000
0.792357	0.962620	0.673272	12061.000000	17914.000000	2704.000000	2809.000000
0.729603	0.787536	0.679609	16891.000000	24854.000000	4385.000000	5568.000000
0.730402	1.000000	0.575301	2101.000000	3652.000000	422.000000	422.000000
0.781578	0.978167	0.650785	12184.000000	18722.000000	3181.000000	3252.000000
0.476522	0.868979	0.328266	6997.000000	21315.000000	2255.000000	2595.000000
0.326620	0.466720	0.251212	3058.000000	12173.000000	1171.000000	2509.000000
0.947663	0.953589	0.941809	11556.000000	12270.000000	3082.000000	3232.000000
0.720020	0.724938	0.715169	6940.000000	9704.000000	2032.000000	2803.000000
0.791766	0.751134	0.837045	6991.000000	8352.000000	1491.000000	1985.000000
0.717314	0.692329	0.744169	9285.000000	12477.000000	2455.000000	3546.000000
0.814919	0.821260	0.808676	11167.000000	13809.000000	2789.000000	3396.000000
