0.685459	0.576668	0.844843	14974.000000	17724.000000	4088.000000	7089.000000
0.741963	0.866551	0.648696	10276.000000	15841.000000	3500.000000	4039.000000
0.725623	0.575390	0.982029	21803.000000	22202.000000	8777.000000	15254.000000
0.679984	0.528701	0.952547	11763.000000	12349.000000	3325.000000	6289.000000
0.808496	0.763138	0.859587	21555.000000	25076.000000	5010.000000	6565.000000
0.815800	0.727741	0.928103	7500.000000	8081.000000	1414.000000	1943.000000
0.721872	0.644428	0.820471	6581.000000	8021.000000	1787.000000	2773.000000
0.423397	0.271441	0.961861	8600.000000	8941.000000	2839.000000	10459.000000
0.847906	0.844991	0.850840	11089.000000	13033.000000	2404.000000	2845.000000
0.443780	0.302218	0.834821	7667.000000	9184.000000	3189.000000	10552.000000
0.549069	0.423631	0.780041	9036.000000	11584.000000	3087.000000	7287.000000
0.388797	0.251315	0.858365	6624.000000	7717.000000	1863.000000	7413.000000
0.585719	0.427620	0.929299	10765.000000	11584.000000	2954.000000	6908.000000
0.877765	0.837227	0.922428	16731.000000	18138.000000	5447.000000	6506.000000
0.761690	0.642398	0.935389	15983.000000	17087.000000	3794.000000	5906.000000
0.763698	0.624555	0.982611	15427.000000	15700.000000	3332.000000	5335.000000
0.665048	0.505916	0.970227	15805.000000	16290.000000	4447.000000	8790.000000
0.683134	0.527869	0.967795	20435.000000	21115.000000	7065.000000	13384.000000
0.799306	0.708753	0.916387	11486.000000	12534.000000	4081.000000	5758.000000
0.603030	0.434844	0.983376	12245.000000	12452.000000	5576.000000	12823.000000
0.500614	0.354981	0.848866	6740.000000	7940.000000	2744.000000	7730.000000
0.524714	0.368196	0.912693	9168.000000	10045.000000	3883.000000	10546.000000
0.680813	0.527480	0.959823	15839.000000	16502.000000	7390.000000	14010.000000
0.781872	0.725969	0.847104	17358.000000	20491.000000	5770.000000	7948.000000
0.737268	0.625544	0.897579	5784.000000	6444.000000	2013.000000	3218.000000
0.649014	0.497139	0.934505	5265.000000	5634.000000	1477.000000	2971.000000
0.591157	0.465723	0.809062	8267.000000	10218.000000	2106.000000	4522.000000
0.759542	0.638759	0.936653	8088.000000	8635.000000	3685.000000	5769.000000
0.946788	0.921241	0.973792	3567.000000	3663.000000	772.000000	838.000000
0.509553	0.351130	0.928455	8552.000000	9211.000000	3854.000000	10976.000000
0.753706	0.616847	0.968611	13917.000000	14368.000000	4899.000000	7942.000000
0.609351	0.452184	0.933973	13339.000000	14282.000000	5206.000000	11513.000000
0.565173	0.396052	0.986371	15126.000000	15335.000000	6420.000000	16210.000000
0.540442	0.375026	0.966941	14829.000000	15336.000000	3658.000000	9754.000000
0.733300	0.594499	0.956656	17723.000000	18526.000000	7068.000000	11889.000000
0.667307	0.506840	0.976456	18414.000000	18858.000000	6373.000000	12574.000000
0.499807	0.346541	0.896149	8448.000000	9427.000000	2720.000000	7849.000000
0.521242	0.355414	0.977163	11981.000000	12261.000000	5403.000000	15202.000000
0.701261	0.558283	0.942686	20165.000000	21391.000000	8166.000000	14627.000000
0.280197	0.163943	0.963230	5213.000000	5412.000000	1485.000000	9058.000000
0.704955	0.549156	0.984169	16536.000000	16802.000000	4100.000000	7466.000000
0.682076	0.535078	0.940435	14778.000000	15714.000000	4866.000000	9094.000000
0.792694	0.694639	0.922981	19246.000000	20852.000000	7839.000000	11285.000000
0.689914	0.549635	0.926336	15656.000000	16901.000000	4219.000000	7676.000000
0.700122	0.554074	0.950722	15743.000000	16559.000000	4862.000000	8775.000000
0.686060	0.526617	0.983980	14741.000000	14981.000000	4976.000000	9449.000000
0.468108	0.309704	0.958189	12421.000000	12963.000000	5020.000000	16209.000000
0.621538	0.458222	0.965737	21224.000000	21977.000000	8429.000000	18395.000000
0.536268	0.381260	0.903673	10554.000000	11679.000000	3190.000000	8367.000000
0.557422	0.406849	0.884929	9659.000000	10915.000000	4562.000000	11213.000000
0.760693	0.639512	0.938536	8093.000000	8623.000000	1939.000000	3032.000000
0.768684	0.634475	0.974902	18140.000000	18607.000000	3482.000000	5488.000000
0.618465	0.454513	0.967440	12806.000000	13237.000000	3787.000000	8332.000000
0.318503	0.192478	0.922512	6905.000000	7485.000000	2861.000000	14864.000000
0.791497	0.720315	0.878292	16410.000000	18684.000000	5035.000000	6990.000000
0.415072	0.266054	0.943577	26356.000000	27932.000000	4802.000000	18049.000000
0.654294	0.505185	0.928285	16219.000000	17472.000000	5554.000000	10994.000000
0.866399	0.831346	0.904538	13493.000000	14917.000000	4392.000000	5283.000000
0.500499	0.350082	0.877549	8048.000000	9171.000000	2780.000000	7941.000000
0.649463	0.494888	0.944458	19096.000000	20219.000000	4986.000000	10075.000000
0.752856	0.646330	0.901425	15939.000000	17682.000000	4174.000000	6458.000000
0.533847	0.366843	0.979980	5825.000000	5944.000000	1664.000000	4536.000000
0.500779	0.338874	0.958936	9154.000000	9546.000000	2834.000000	8363.000000
0.656775	0.529058	0.865778	13320.000000	15385.000000	3778.000000	7141.000000
0.672644	0.524788	0.936496	16841.000000	17983.000000	4774.000000	9097.000000
0.643300	0.492099	0.928628	12816.000000	13801.000000	3924.000000	7974.000000
0.801957	0.734362	0.883257	9775.000000	11067.000000	4379.000000	5963.000000
0.590006	0.448823	0.860775	7957.000000	9244.000000	2745.000000	6116.000000
0.509662	0.349730	0.939125	12928.000000	13766.000000	4785.000000	13682.000000
0.544031	0.376556	0.979800	15764.000000	16089.000000	3871.000000	10280.000000
0.361309	0.221838	0.973101	8646.000000	8885.000000	2826.000000	12739.000000
0.745151	0.609138	0.959365	13599.000000	14175.000000	4373.000000	7179.000000
0.570241	0.407695	0.948340	6884.000000	7259.000000	3147.000000	7719.000000
0.739697	0.602349	0.958181	14183.000000	14802.000000	4205.000000	6981.000000
0.512502	0.354618	0.923792	8946.000000	9684.000000	2649.000000	7470.000000
0.742862	0.668278	0.836185	5962.000000	7130.000000	2212.000000	3310.000000
0.579817	0.412376	0.976190	10865.000000	11130.000000	5678.000000	13769.000000
0.719874	0.640325	0.821992	10219.000000	12432.000000	3306.000000	5163.000000
0.695684	0.618123	0.795501	13580.000000	17071.000000	4393.000000	7107.000000
0.744539	0.612403	0.949384	14405.000000	15173.000000	4187.000000	6837.000000
0.380674	0.238572	0.941411	14413.000000	15310.000000	3095.000000	12973.000000
0.458976	0.300490	0.971224	14513.000000	14943.000000	4294.000000	14290.000000
0.648380	0.507750	0.896750	11864.000000	13230.000000	3669.000000	7226.000000
0.626247	0.468470	0.944271	16893.000000	17890.000000	5698.000000	12163.000000
0.749028	0.607884	0.975537	8454.000000	8666.000000	2051.000000	3374.000000
0.786298	0.712267	0.877503	17221.000000	19625.000000	6149.000000	8633.000000
0.830956	0.762948	0.912273	19779.000000	21681.000000	3447.000000	4518.000000
0.846436	0.762614	0.950959	13826.000000	14539.000000	3431.000000	4499.000000
0.812894	0.726323	0.922895	12879.000000	13955.000000	4310.000000	5934.000000
0.733937	0.619427	0.900387	8849.000000	9828.000000	4126.000000	6661.000000
0.723968	0.589685	0.937443	12378.000000	13204.000000	6654.000000	11284.000000
0.794908	0.766480	0.825527	19229.000000	23293.000000	4779.000000	6235.000000
0.681345	0.531810	0.947866	19454.000000	20524.000000	5283.000000	9934.000000
0.516503	0.350764	0.979167	9682.000000	9888.000000	3213.000000	9160.000000
0.681103	0.539458	0.923617	10399.000000	11259.000000	3705.000000	6868.000000
0.833399	0.735494	0.961373	14062.000000	14627.000000	4221.000000	5739.000000
0.789881	0.672901	0.956092	13065.000000	13665.000000	3742.000000	5561.000000
0.831285	0.739380	0.949281	20794.000000	21905.000000	7467.000000	10099.000000
0.510224	0.345177	0.977728	16857.000000	17241.000000	4877.000000	14129.000000
0.681989	0.522795	0.980583	18837.000000	19210.000000	6846.000000	13095.000000
0.796003	0.685673	0.948650	14262.000000	15034.000000	4221.000000	6156.000000
0.753744	0.706397	0.807893	16090.000000	19916.000000	3633.000000	5143.000000
0.889833	0.814588	0.980394	18602.000000	18974.000000	3730.000000	4579.000000
0.736565	0.636662	0.873657	20821.000000	23832.000000	6210.000000	9754.000000
0.605667	0.449832	0.926706	15261.000000	16468.000000	5353.000000	11900.000000
0.625787	0.462464	0.967447	11412.000000	11796.000000	4879.000000	10550.000000
0.877194	0.812937	0.952481	14011.000000	14710.000000	4298.000000	5287.000000
0.791825	0.670265	0.967247	25131.000000	25982.000000	8818.000000	13156.000000
0.701855	0.544043	0.988631	18870.000000	19087.000000	5009.000000	9207.000000
0.734036	0.606350	0.929845	16475.000000	17718.000000	3877.000000	6394.000000
0.747276	0.637282	0.903159	12264.000000	13579.000000	4417.000000	6931.000000
0.672018	0.559959	0.840150	15016.000000	17873.000000	4324.000000	7722.000000
0.710905	0.563607	0.962437	11043.000000	11474.000000	3150.000000	5589.000000
0.666256	0.518090	0.933113	14941.000000	16012.000000	5012.000000	9674.000000
0.745255	0.601302	0.979828	28075.000000	28653.000000	8316.000000	13830.000000
0.942224	0.952191	0.932464	9513.000000	10202.000000	1673.000000	1757.000000
0.400209	0.251670	0.976626	9025.000000	9241.000000	2712.000000	10776.000000
0.465290	0.324386	0.822610	8208.000000	9978.000000	3130.000000	9649.000000
0.458479	0.307992	0.896523	14131.000000	15762.000000	4104.000000	13325.000000
0.214122	0.120272	0.974693	7934.000000	8140.000000	1965.000000	16338.000000
0.441060	0.287263	0.949307	8839.000000	9311.000000	3020.000000	10513.000000
0.719761	0.588142	0.927273	15300.000000	16500.000000	5545.000000	9428.000000
0.748954	0.630263	0.922721	15343.000000	16628.000000	5269.000000	8360.000000
0.790291	0.734918	0.854688	3929.000000	4597.000000	804.000000	1094.000000
0.736425	0.658725	0.834908	17589.000000	21067.000000	6912.000000	10493.000000
0.555095	0.386843	0.982359	19045.000000	19387.000000	6386.000000	16508.000000
0.716734	0.711482	0.722063	6817.000000	9441.000000	1704.000000	2395.000000
0.534372	0.389741	0.849689	1368.000000	1610.000000	661.000000	1696.000000
0.755272	0.631157	0.940151	19353.000000	20585.000000	6766.000000	10720.000000
0.886903	0.965383	0.820224	16758.000000	20431.000000	4462.000000	4622.000000
0.607864	0.457114	0.906972	12996.000000	14329.000000	3608.000000	7893.000000
0.648443	0.490191	0.957590	17612.000000	18392.000000	3698.000000	7544.000000
0.751943	0.727662	0.777900	5646.000000	7258.000000	1531.000000	2104.000000
0.645251	0.495091	0.926152	17746.000000	19161.000000	6303.000000	12731.000000
0.822811	0.720191	0.959535	21389.000000	22291.000000	6342.000000	8806.000000
0.623946	0.506453	0.812422	7835.000000	9644.000000	2747.000000	5424.000000
0.574347	0.405821	0.982246	9848.000000	10026.000000	2482.000000	6116.000000
0.388273	0.248002	0.893817	9773.000000	10934.000000	3414.000000	13766.000000
0.408385	0.261367	0.933443	10771.000000	11539.000000	3127.000000	11964.000000
0.608377	0.453917	0.922180	10594.000000	11488.000000	3807.000000	8387.000000
0.668568	0.513665	0.957238	13588.000000	14195.000000	4868.000000	9477.000000
0.765467	0.625806	0.985373	19199.000000	19484.000000	5723.000000	9145.000000
0.537557	0.369911	0.983111	11700.000000	11901.000000	2535.000000	6853.000000
0.794253	0.683364	0.948101	17099.000000	18035.000000	6971.000000	10201.000000
0.755591	0.664840	0.875033	13234.000000	15124.000000	4852.000000	7298.000000
0.730632	0.587033	0.967235	23380.000000	24172.000000	8013.000000	13650.000000
0.580969	0.431886	0.887233	8812.000000	9932.000000	3034.000000	7025.000000
0.661940	0.504677	0.961579	11838.000000	12311.000000	2590.000000	5132.000000
0.731529	0.592176	0.956652	21738.000000	22723.000000	7054.000000	11912.000000
0.449699	0.291727	0.980826	11612.000000	11839.000000	3847.000000	13187.000000
0.828620	0.717232	0.980965	25561.000000	26057.000000	7650.000000	10666.000000
0.735897	0.627362	0.889843	11915.000000	13390.000000	4549.000000	7251.000000
0.695313	0.554220	0.932780	18997.000000	20366.000000	9266.000000	16719.000000
0.730804	0.586070	0.970470	16366.000000	16864.000000	4855.000000	8284.000000
0.770187	0.638321	0.970721	22114.000000	22781.000000	6463.000000	10125.000000
0.845051	0.739854	0.985123	25030.000000	25408.000000	5961.000000	8057.000000
0.675454	0.518432	0.968921	21917.000000	22620.000000	7749.000000	14947.000000
0.700984	0.576510	0.894008	14845.000000	16605.000000	5105.000000	8855.000000
0.706428	0.609581	0.839860	10101.000000	12027.000000	2634.000000	4321.000000
0.754325	0.619697	0.963683	29401.000000	30509.000000	8954.000000	14449.000000
0.621744	0.466630	0.931328	12789.000000	13732.000000	4286.000000	9185.000000
0.770247	0.641151	0.964435	14264.000000	14790.000000	4456.000000	6950.000000
0.901659	0.898126	0.905221	23476.000000	25934.000000	8243.000000	9178.000000
0.787336	0.693987	0.909701	10034.000000	11030.000000	2320.000000	3343.000000
0.612750	0.451115	0.954889	11007.000000	11527.000000	3622.000000	8029.000000
0.656911	0.516351	0.902621	11160.000000	12364.000000	3158.000000	6116.000000
0.684302	0.532413	0.957443	12059.000000	12595.000000	2431.000000	4566.000000
0.347387	0.210661	0.989796	7566.000000	7644.000000	2138.000000	10149.000000
0.634794	0.480318	0.935739	14882.000000	15904.000000	7858.000000	16360.000000
0.562630	0.410786	0.892555	11929.000000	13365.000000	3976.000000	9679.000000
0.738275	0.608021	0.939550	12201.000000	12986.000000	3881.000000	6383.000000
0.706990	0.609393	0.841810	11420.000000	13566.000000	3192.000000	5238.000000
0.543458	0.376330	0.977617	13758.000000	14073.000000	4455.000000	11838.000000
0.876161	0.897845	0.855499	12344.000000	14429.000000	2417.000000	2692.000000
0.775018	0.657413	0.943868	17908.000000	18973.000000	5352.000000	8141.000000
0.783180	0.652056	0.980314	20616.000000	21030.000000	9134.000000	14008.000000
0.597812	0.432066	0.969863	17121.000000	17653.000000	5317.000000	12306.000000
0.654071	0.612815	0.701282	3282.000000	4680.000000	899.000000	1467.000000
0.348005	0.212275	0.965089	7298.000000	7562.000000	1802.000000	8489.000000
0.506678	0.343404	0.965947	18126.000000	18765.000000	5422.000000	15789.000000
0.687264	0.541112	0.941582	17214.000000	18282.000000	5732.000000	10593.000000
0.686839	0.523918	0.996814	36920.000000	37038.000000	6911.000000	13191.000000
0.829420	0.731465	0.957666	23685.000000	24732.000000	6551.000000	8956.000000
0.630223	0.494644	0.868188	16631.000000	19156.000000	4387.000000	8869.000000
0.625439	0.479472	0.899181	10979.000000	12210.000000	3667.000000	7648.000000
0.759485	0.679948	0.860095	6910.000000	8034.000000	2611.000000	3840.000000
0.706340	0.617357	0.825296	16326.000000	19782.000000	5755.000000	9322.000000
0.798711	0.682561	0.962498	15964.000000	16586.000000	4137.000000	6061.000000
0.693949	0.547504	0.947343	11748.000000	12401.000000	3838.000000	7010.000000
0.712562	0.566800	0.959250	17184.000000	17914.000000	5108.000000	9012.000000
0.614484	0.458776	0.930192	23119.000000	24854.000000	6655.000000	14506.000000
0.673312	0.711732	0.638828	2333.000000	3652.000000	637.000000	895.000000
0.772575	0.647549	0.957430	17925.000000	18722.000000	6289.000000	9712.000000
0.583888	0.416196	0.977903	20844.000000	21315.000000	9570.000000	22994.000000
0.425803	0.278789	0.900846	10966.000000	12173.000000	5297.000000	19000.000000
0.775023	0.637406	0.988427	12128.000000	12270.000000	3391.000000	5320.000000
0.515772	0.351519	0.968157	9395.000000	9704.000000	3228.000000	9183.000000
0.508771	0.343538	0.980244	8187.000000	8352.000000	2177.000000	6337.000000
0.420980	0.270068	0.954156	11905.000000	12477.000000	4256.000000	15759.000000
0.699320	0.568935	0.907234	12528.000000	13809.000000	3520.000000	6187.000000
