0.271959	0.157385	0.999774	17720.000000	17724.000000	7970.000000	50640.000000
0.493312	0.333923	0.943817	14951.000000	15841.000000	8304.000000	24868.000000
0.357960	0.218001	0.999910	22200.000000	22202.000000	12016.000000	55119.000000
0.223905	0.126068	0.999838	12347.000000	12349.000000	5016.000000	39788.000000
0.330265	0.197845	0.998724	25044.000000	25076.000000	9530.000000	48169.000000
0.099830	0.052538	0.999753	8079.000000	8081.000000	2276.000000	43321.000000
0.229624	0.129925	0.987034	7917.000000	8021.000000	3990.000000	30710.000000
0.189473	0.104657	0.999441	8936.000000	8941.000000	4335.000000	41421.000000
0.321401	0.191654	0.995013	12968.000000	13033.000000	4891.000000	25520.000000
0.194954	0.108024	0.998367	9169.000000	9184.000000	5195.000000	48091.000000
0.233746	0.132346	0.999655	11580.000000	11584.000000	6587.000000	49771.000000
0.129949	0.069489	1.000000	7717.000000	7717.000000	3714.000000	53447.000000
0.174100	0.095354	0.999568	11579.000000	11584.000000	4731.000000	49615.000000
0.368238	0.225754	0.998346	18108.000000	18138.000000	7998.000000	35428.000000
0.230828	0.130472	1.000000	17087.000000	17087.000000	6211.000000	47604.000000
0.184016	0.101331	1.000000	15700.000000	15700.000000	4962.000000	48968.000000
0.259673	0.149209	1.000000	16290.000000	16290.000000	6540.000000	43831.000000
0.356103	0.216630	0.999811	21111.000000	21115.000000	9478.000000	43752.000000
0.398180	0.249163	0.990665	12417.000000	12534.000000	5285.000000	21211.000000
0.248385	0.141805	0.999920	12451.000000	12452.000000	6796.000000	47925.000000
0.261292	0.150504	0.990176	7862.000000	7940.000000	4735.000000	31461.000000
0.243693	0.139020	0.986361	9908.000000	10045.000000	5429.000000	39052.000000
0.301938	0.177817	0.999879	16500.000000	16502.000000	8962.000000	50400.000000
0.403778	0.253146	0.997072	20431.000000	20491.000000	10600.000000	41873.000000
0.102197	0.053850	1.000000	6444.000000	6444.000000	3508.000000	65144.000000
0.109912	0.058153	0.999823	5633.000000	5634.000000	2376.000000	40858.000000
0.190861	0.105624	0.988843	10104.000000	10218.000000	4731.000000	44791.000000
0.290831	0.170159	1.000000	8635.000000	8635.000000	4531.000000	26628.000000
0.324274	0.193513	1.000000	3663.000000	3663.000000	1044.000000	5395.000000
0.186917	0.103096	0.999783	9209.000000	9211.000000	5422.000000	52592.000000
0.349100	0.211473	0.999722	14364.000000	14368.000000	5902.000000	27909.000000
0.248710	0.142015	1.000000	14282.000000	14282.000000	8027.000000	56522.000000
0.289119	0.168988	1.000000	15335.000000	15335.000000	7849.000000	46447.000000
0.233150	0.131958	1.000000	15336.000000	15336.000000	5564.000000	42165.000000
0.347109	0.210011	0.999784	18522.000000	18526.000000	9050.000000	43093.000000
0.361978	0.220985	1.000000	18858.000000	18858.000000	8136.000000	36817.000000
0.197033	0.109283	1.000000	9427.000000	9427.000000	4476.000000	40958.000000
0.207358	0.115672	1.000000	12261.000000	12261.000000	6662.000000	57594.000000
0.371074	0.227808	0.999907	21389.000000	21391.000000	11479.000000	50389.000000
0.099028	0.052093	1.000000	5412.000000	5412.000000	1926.000000	36972.000000
0.269584	0.155791	1.000000	16802.000000	16802.000000	5243.000000	33654.000000
0.317387	0.188759	0.996309	15656.000000	15714.000000	7251.000000	38414.000000
0.441251	0.283576	0.993862	20724.000000	20852.000000	11180.000000	39425.000000
0.277222	0.160922	0.999763	16897.000000	16901.000000	7255.000000	45084.000000
0.322493	0.192342	0.997403	16516.000000	16559.000000	7560.000000	39305.000000
0.232470	0.131523	1.000000	14981.000000	14981.000000	6193.000000	47087.000000
0.238027	0.135092	0.999923	12962.000000	12963.000000	7009.000000	51883.000000
0.347428	0.210235	1.000000	21977.000000	21977.000000	11947.000000	56827.000000
0.183599	0.101100	0.997859	11654.000000	11679.000000	5109.000000	50534.000000
0.236997	0.134435	0.999634	10911.000000	10915.000000	6713.000000	49935.000000
0.282180	0.164266	1.000000	8623.000000	8623.000000	2806.000000	17082.000000
0.311698	0.184631	0.999731	18602.000000	18607.000000	4964.000000	26886.000000
0.265202	0.152884	0.999471	13230.000000	13237.000000	5587.000000	36544.000000
0.148593	0.080295	0.994522	7444.000000	7485.000000	4290.000000	53428.000000
0.322171	0.192189	0.995344	18597.000000	18684.000000	8602.000000	44758.000000
0.277350	0.161010	0.999678	27923.000000	27932.000000	8862.000000	55040.000000
0.337902	0.203339	0.999027	17455.000000	17472.000000	7759.000000	38158.000000
0.429960	0.274736	0.988402	14744.000000	14917.000000	6192.000000	22538.000000
0.188454	0.104054	0.997710	9150.000000	9171.000000	5043.000000	48465.000000
0.243056	0.138340	1.000000	20219.000000	20219.000000	8400.000000	60720.000000
0.299696	0.176287	0.999152	17667.000000	17682.000000	7339.000000	41631.000000
0.155941	0.084564	1.000000	5944.000000	5944.000000	2227.000000	26335.000000
0.194854	0.108003	0.994972	9498.000000	9546.000000	3714.000000	34388.000000
0.315248	0.187468	0.990120	15233.000000	15385.000000	6603.000000	35222.000000
0.287395	0.167812	1.000000	17983.000000	17983.000000	6716.000000	40021.000000
0.208116	0.116144	0.999928	13800.000000	13801.000000	5779.000000	49757.000000
0.365014	0.223370	0.997651	11041.000000	11067.000000	6360.000000	28473.000000
0.183143	0.100803	0.999892	9243.000000	9244.000000	4595.000000	45584.000000
0.244336	0.139172	0.999927	13765.000000	13766.000000	6576.000000	47251.000000
0.231921	0.131367	0.988750	15908.000000	16089.000000	4962.000000	37772.000000
0.143936	0.077552	0.999550	8881.000000	8885.000000	3977.000000	51282.000000
0.327835	0.196054	1.000000	14175.000000	14175.000000	5853.000000	29854.000000
0.199097	0.110557	0.999724	7257.000000	7259.000000	4146.000000	37501.000000
0.255484	0.146467	0.999189	14790.000000	14802.000000	5837.000000	39852.000000
0.224797	0.126635	0.999793	9682.000000	9684.000000	4047.000000	31958.000000
0.294081	0.172414	0.999158	7124.000000	7130.000000	3960.000000	22968.000000
0.256260	0.146960	1.000000	11130.000000	11130.000000	7082.000000	48190.000000
0.314101	0.186558	0.992921	12344.000000	12432.000000	6204.000000	33255.000000
0.333850	0.200715	0.991565	16927.000000	17071.000000	8876.000000	44222.000000
0.341907	0.206351	0.996573	15121.000000	15173.000000	6368.000000	30860.000000
0.194058	0.107501	0.996081	15250.000000	15310.000000	4807.000000	44716.000000
0.232921	0.131811	1.000000	14943.000000	14943.000000	6086.000000	46172.000000
0.356598	0.217052	0.998639	13212.000000	13230.000000	5560.000000	25616.000000
0.253641	0.145240	1.000000	17890.000000	17890.000000	8752.000000	60259.000000
0.118417	0.062935	1.000000	8666.000000	8666.000000	3204.000000	50910.000000
0.354952	0.215787	0.999643	19618.000000	19625.000000	10678.000000	49484.000000
0.394045	0.245396	0.999493	21670.000000	21681.000000	5636.000000	22967.000000
0.224132	0.126212	0.999862	14537.000000	14539.000000	5103.000000	40432.000000
0.332833	0.199646	0.999857	13953.000000	13955.000000	5971.000000	29908.000000
0.216736	0.121542	0.999796	9826.000000	9828.000000	5624.000000	46272.000000
0.340442	0.205150	0.999773	13201.000000	13204.000000	8437.000000	41126.000000
0.539242	0.372640	0.975272	22717.000000	23293.000000	8684.000000	23304.000000
0.298863	0.175686	0.999951	20523.000000	20524.000000	7535.000000	42889.000000
0.192359	0.106414	1.000000	9888.000000	9888.000000	4209.000000	39553.000000
0.236804	0.134810	0.972822	10953.000000	11259.000000	4997.000000	37067.000000
0.259182	0.148888	0.999863	14625.000000	14627.000000	6073.000000	40789.000000
0.250653	0.143303	0.999049	13652.000000	13665.000000	5414.000000	37780.000000
0.442869	0.284558	0.998220	21866.000000	21905.000000	9667.000000	33972.000000
0.290473	0.170022	0.996288	17177.000000	17241.000000	6191.000000	36413.000000
0.325340	0.194272	1.000000	19210.000000	19210.000000	9246.000000	47593.000000
0.317415	0.188647	1.000000	15034.000000	15034.000000	6381.000000	33825.000000
0.251864	0.144086	0.999498	19906.000000	19916.000000	7873.000000	54641.000000
0.441742	0.283505	0.999736	18969.000000	18974.000000	5464.000000	19273.000000
