0.764672	0.912123	0.658260	11667.000000	17724.000000	2543.000000	2788.000000
0.565103	0.855812	0.421817	6682.000000	15841.000000	2113.000000	2469.000000
0.601531	0.943983	0.441402	9800.000000	22202.000000	2730.000000	2892.000000
0.789983	0.770103	0.810916	10014.000000	12349.000000	2241.000000	2910.000000
0.465946	0.775659	0.332988	8350.000000	25076.000000	1383.000000	1783.000000
0.722746	0.922481	0.594110	4801.000000	8081.000000	833.000000	903.000000
0.761246	0.865201	0.679591	5451.000000	8021.000000	1181.000000	1365.000000
0.757015	0.812472	0.708646	6336.000000	8941.000000	1785.000000	2197.000000
0.901633	0.996334	0.823371	10731.000000	13033.000000	2174.000000	2182.000000
0.570401	0.605436	0.539199	4952.000000	9184.000000	1381.000000	2281.000000
0.458170	0.818006	0.318198	3686.000000	11584.000000	845.000000	1033.000000
0.711494	0.667800	0.761306	5875.000000	7717.000000	1375.000000	2059.000000
0.685673	0.662031	0.711067	8237.000000	11584.000000	1904.000000	2876.000000
0.807180	0.984858	0.683813	12403.000000	18138.000000	3252.000000	3302.000000
0.876535	0.969660	0.799731	13665.000000	17087.000000	2365.000000	2439.000000
0.936762	0.975831	0.900701	14141.000000	15700.000000	2584.000000	2648.000000
0.769313	0.881116	0.682689	11121.000000	16290.000000	2053.000000	2330.000000
0.833900	0.970020	0.731281	15441.000000	21115.000000	3462.000000	3569.000000
0.828044	0.831722	0.824398	10333.000000	12534.000000	3183.000000	3827.000000
0.807233	0.904339	0.728959	9077.000000	12452.000000	2647.000000	2927.000000
0.785431	0.842778	0.735390	5839.000000	7940.000000	1978.000000	2347.000000
0.727857	0.711624	0.744848	7482.000000	10045.000000	2712.000000	3811.000000
0.781440	0.898186	0.691553	11412.000000	16502.000000	3070.000000	3418.000000
0.749736	0.865702	0.661168	13548.000000	20491.000000	3352.000000	3872.000000
0.274429	0.975155	0.159683	1029.000000	6444.000000	314.000000	322.000000
0.824909	0.946638	0.730919	4118.000000	5634.000000	887.000000	937.000000
0.776070	0.962745	0.650029	6642.000000	10218.000000	1473.000000	1530.000000
0.770773	0.877860	0.686972	5932.000000	8635.000000	2954.000000	3365.000000
0.931603	1.000000	0.871963	3194.000000	3663.000000	643.000000	643.000000
0.540460	0.831259	0.400391	3688.000000	9211.000000	1202.000000	1446.000000
0.882403	0.935974	0.834633	11992.000000	14368.000000	3450.000000	3686.000000
0.721067	0.903214	0.600056	8570.000000	14282.000000	2389.000000	2645.000000
0.832577	0.811913	0.854320	13101.000000	15335.000000	4239.000000	5221.000000
0.807261	0.880088	0.745566	11434.000000	15336.000000	2011.000000	2285.000000
0.812739	0.915779	0.730541	13534.000000	18526.000000	3784.000000	4132.000000
0.859380	0.964952	0.774631	14608.000000	18858.000000	3882.000000	4023.000000
0.785966	0.880654	0.709664	6690.000000	9427.000000	1616.000000	1835.000000
0.642230	0.784257	0.543757	6667.000000	12261.000000	1883.000000	2401.000000
0.700608	0.845238	0.598242	12797.000000	21391.000000	3692.000000	4368.000000
0.363073	0.302166	0.454730	2461.000000	5412.000000	530.000000	1754.000000
0.797459	0.922965	0.702000	11795.000000	16802.000000	2540.000000	2752.000000
0.826266	0.816993	0.835752	13133.000000	15714.000000	3625.000000	4437.000000
0.832015	0.936262	0.748657	15611.000000	20852.000000	5435.000000	5805.000000
0.744839	0.933647	0.619549	10471.000000	16901.000000	1984.000000	2125.000000
0.765978	0.890264	0.672142	11130.000000	16559.000000	2661.000000	2989.000000
0.884683	0.978391	0.807356	12095.000000	14981.000000	3441.000000	3517.000000
0.638138	0.709407	0.579881	7517.000000	12963.000000	2202.000000	3104.000000
0.248425	0.722042	0.150020	3297.000000	21977.000000	891.000000	1234.000000
0.678186	0.818402	0.578988	6762.000000	11679.000000	1352.000000	1652.000000
0.473057	0.871108	0.324691	3544.000000	10915.000000	1203.000000	1381.000000
0.717615	0.787768	0.658935	5682.000000	8623.000000	1288.000000	1635.000000
0.841051	0.992657	0.729618	13576.000000	18607.000000	2298.000000	2315.000000
0.845395	0.914530	0.785979	10404.000000	13237.000000	2247.000000	2457.000000
0.738958	0.806627	0.681764	5103.000000	7485.000000	1485.000000	1841.000000
0.818470	0.947631	0.720295	13458.000000	18684.000000	3040.000000	3208.000000
0.696705	0.769525	0.636474	17778.000000	27932.000000	2611.000000	3393.000000
0.662141	0.746077	0.595181	10399.000000	17472.000000	2853.000000	3824.000000
0.822727	0.996400	0.700610	10451.000000	14917.000000	2768.000000	2778.000000
0.720010	0.918188	0.592193	5431.000000	9171.000000	1257.000000	1369.000000
0.658920	0.985233	0.494980	10008.000000	20219.000000	1668.000000	1693.000000
0.750578	0.937177	0.625947	11068.000000	17682.000000	2178.000000	2324.000000
0.936490	0.938433	0.934556	5555.000000	5944.000000	1509.000000	1608.000000
0.934122	1.000000	0.876388	8366.000000	9546.000000	2298.000000	2298.000000
0.765889	0.944681	0.644004	9908.000000	15385.000000	2442.000000	2585.000000
0.749021	0.811933	0.695157	12501.000000	17983.000000	2776.000000	3419.000000
0.753196	0.856389	0.672198	9277.000000	13801.000000	2111.000000	2465.000000
0.727745	0.831718	0.646878	7159.000000	11067.000000	1888.000000	2270.000000
0.743437	0.859264	0.655128	6056.000000	9244.000000	1331.000000	1549.000000
0.596370	0.620612	0.573950	7901.000000	13766.000000	2210.000000	3561.000000
0.831184	0.796488	0.869041	13982.000000	16089.000000	2540.000000	3189.000000
0.759947	0.722246	0.801801	7124.000000	8885.000000	1685.000000	2333.000000
0.820533	0.965587	0.713369	10112.000000	14175.000000	2385.000000	2470.000000
0.691838	0.609697	0.799559	5804.000000	7259.000000	2251.000000	3692.000000
0.832006	0.956506	0.736184	10897.000000	14802.000000	2617.000000	2736.000000
0.668376	0.603041	0.749587	7259.000000	9684.000000	1864.000000	3091.000000
0.411796	0.865948	0.270126	1926.000000	7130.000000	562.000000	649.000000
0.811631	0.841170	0.784097	8727.000000	11130.000000	3739.000000	4445.000000
0.736903	0.851708	0.649373	8073.000000	12432.000000	1970.000000	2313.000000
0.614394	0.961580	0.451409	7706.000000	17071.000000	1802.000000	1874.000000
0.822767	0.868693	0.781454	11857.000000	15173.000000	3116.000000	3587.000000
0.904739	0.985991	0.835859	12797.000000	15310.000000	2393.000000	2427.000000
0.725580	0.933054	0.593589	8870.000000	14943.000000	2007.000000	2151.000000
0.671358	0.866205	0.548073	7251.000000	13230.000000	1625.000000	1876.000000
0.554115	0.917735	0.396870	7100.000000	17890.000000	1718.000000	1872.000000
0.901222	0.923121	0.880337	7629.000000	8666.000000	1597.000000	1730.000000
0.648498	0.967105	0.487796	9573.000000	19625.000000	2646.000000	2736.000000
0.869921	0.999205	0.770260	16700.000000	21681.000000	2514.000000	2516.000000
0.736585	0.963470	0.596190	8668.000000	14539.000000	1688.000000	1752.000000
0.828398	0.983301	0.715657	9987.000000	13955.000000	2532.000000	2575.000000
0.729025	0.935855	0.597070	5868.000000	9828.000000	2524.000000	2697.000000
0.696068	0.819052	0.605195	7991.000000	13204.000000	3336.000000	4073.000000
0.789127	0.877329	0.717039	16702.000000	23293.000000	3390.000000	3864.000000
0.765392	0.975039	0.629945	12929.000000	20524.000000	2500.000000	2564.000000
0.625481	0.530675	0.761529	7530.000000	9888.000000	1903.000000	3586.000000
0.844187	0.954646	0.756639	8519.000000	11259.000000	2589.000000	2712.000000
0.785419	0.993798	0.649279	9497.000000	14627.000000	2564.000000	2580.000000
0.817495	0.912019	0.740724	10122.000000	13665.000000	2322.000000	2546.000000
0.836541	0.958348	0.742205	16258.000000	21905.000000	5269.000000	5498.000000
0.645209	0.518900	0.852793	14703.000000	17241.000000	3473.000000	6693.000000
0.719081	0.850670	0.622749	11963.000000	19210.000000	3173.000000	3730.000000
0.831132	0.917422	0.759678	11421.000000	15034.000000	2833.000000	3088.000000
0.482429	0.850157	0.336764	6707.000000	19916.000000	1356.000000	1595.000000
0.886588	0.974964	0.812902	15424.000000	18974.000000	2726.000000	2796.000000
0.717984	0.853376	0.619671	14768.000000	23832.000000	3463.000000	4058.000000
0.763601	0.876814	0.676281	11137.000000	16468.000000	2840.000000	3239.000000
0.716371	0.784992	0.658783	7771.000000	11796.000000	2793.000000	3558.000000
0.728090	0.966318	0.584092	8592.000000	14710.000000	2123.000000	2197.000000
0.831615	0.941856	0.744477	19343.000000	25982.000000	5054.000000	5366.000000
0.793417	0.825341	0.763871	14580.000000	19087.000000	3270.000000	3962.000000
0.844441	0.881445	0.810419	14359.000000	17718.000000	2855.000000	3239.000000
0.754291	0.938007	0.630753	8565.000000	13579.000000	2542.000000	2710.000000
0.610130	0.997958	0.439378	7853.000000	17873.000000	1466.000000	1469.000000
0.870374	0.983564	0.780547	8956.000000	11474.000000	1915.000000	1947.000000
0.654686	0.946389	0.500437	8013.000000	16012.000000	2136.000000	2257.000000
0.872988	0.979904	0.787108	22553.000000	28653.000000	4876.000000	4976.000000
0.873229	0.999246	0.775436	7911.000000	10202.000000	1326.000000	1327.000000
0.829399	0.847523	0.812033	7504.000000	9241.000000	1762.000000	2079.000000
0.532872	0.755102	0.411706	4108.000000	9978.000000	1369.000000	1813.000000
0.755051	0.867122	0.668633	10539.000000	15762.000000	2284.000000	2634.000000
0.763662	0.647989	0.929607	7567.000000	8140.000000	1353.000000	2088.000000
0.479888	0.418402	0.562560	5238.000000	9311.000000	1246.000000	2978.000000
0.669287	0.905757	0.530727	8757.000000	16500.000000	2297.000000	2536.000000
0.737199	0.856233	0.647222	10762.000000	16628.000000	2823.000000	3297.000000
0.875352	1.000000	0.778334	3578.000000	4597.000000	727.000000	727.000000
0.286445	0.871069	0.171406	3611.000000	21067.000000	831.000000	954.000000
0.798868	0.889851	0.724764	14051.000000	19387.000000	3700.000000	4158.000000
0.700427	0.977604	0.545705	5152.000000	9441.000000	873.000000	893.000000
0.684596	0.993007	0.522360	841.000000	1610.000000	284.000000	286.000000
0.787835	0.844489	0.738305	15198.000000	20585.000000	4214.000000	4990.000000
0.764203	0.999653	0.618521	12637.000000	20431.000000	2884.000000	2885.000000
0.557134	0.963918	0.391793	5614.000000	14329.000000	1309.000000	1358.000000
0.827894	0.943907	0.737277	13560.000000	18392.000000	1952.000000	2068.000000
0.787738	0.995243	0.651832	4731.000000	7258.000000	1046.000000	1051.000000
0.777451	0.912809	0.677052	12973.000000	19161.000000	3392.000000	3716.000000
0.783437	0.937568	0.672828	14998.000000	22291.000000	3454.000000	3684.000000
0.269677	0.764172	0.163729	1579.000000	9644.000000	337.000000	441.000000
0.867620	0.868295	0.866946	8692.000000	10026.000000	1813.000000	2088.000000
0.642432	0.803582	0.535120	5851.000000	10934.000000	1301.000000	1619.000000
0.737603	0.796055	0.687148	7929.000000	11539.000000	2018.000000	2535.000000
0.719063	0.962025	0.574077	6595.000000	11488.000000	1520.000000	1580.000000
0.794635	0.823974	0.767312	10892.000000	14195.000000	2832.000000	3437.000000
0.864948	0.898261	0.834018	16250.000000	19484.000000	4132.000000	4600.000000
0.892740	0.928645	0.859508	10229.000000	11901.000000	1796.000000	1934.000000
0.660168	0.964995	0.501691	9048.000000	18035.000000	2674.000000	2771.000000
0.792145	0.870603	0.726660	10990.000000	15124.000000	3391.000000	3895.000000
0.758429	0.838663	0.692206	16732.000000	24172.000000	4590.000000	5473.000000
0.780734	0.788042	0.773560	7683.000000	9932.000000	2201.000000	2793.000000
0.863364	0.834620	0.894160	11008.000000	12311.000000	2271.000000	2721.000000
0.319506	0.997870	0.190204	4322.000000	22723.000000	937.000000	939.000000
0.885981	0.967859	0.816876	9671.000000	11839.000000	2409.000000	2489.000000
0.771946	0.969823	0.641133	16706.000000	26057.000000	3953.000000	4076.000000
0.649524	0.954828	0.492158	6590.000000	13390.000000	1691.000000	1771.000000
0.580899	0.891452	0.430816	8774.000000	20366.000000	2628.000000	2948.000000
0.771398	0.806097	0.739564	12472.000000	16864.000000	2856.000000	3543.000000
0.817904	0.917442	0.737852	16809.000000	22781.000000	3256.000000	3549.000000
0.888621	0.980194	0.812697	20649.000000	25408.000000	4355.000000	4443.000000
0.729300	0.760587	0.700486	15845.000000	22620.000000	4562.000000	5998.000000
0.712546	0.806335	0.638302	10599.000000	16605.000000	2673.000000	3315.000000
0.758686	0.924163	0.643469	7739.000000	12027.000000	1767.000000	1912.000000
0.754790	0.906662	0.646498	19724.000000	30509.000000	4682.000000	5164.000000
0.726730	0.749026	0.705724	9691.000000	13732.000000	2307.000000	3080.000000
0.874527	0.977662	0.791075	11700.000000	14790.000000	3195.000000	3268.000000
0.765287	0.987043	0.624894	16206.000000	25934.000000	4342.000000	4399.000000
0.819974	0.854613	0.788033	8692.000000	11030.000000	1834.000000	2146.000000
0.795115	0.874317	0.729071	8404.000000	11527.000000	2400.000000	2745.000000
0.777940	0.913580	0.677370	8375.000000	12364.000000	1702.000000	1863.000000
0.925534	0.937016	0.914331	11516.000000	12595.000000	1934.000000	2064.000000
0.664287	0.737353	0.604396	4620.000000	7644.000000	1064.000000	1443.000000
0.467541	0.861707	0.320800	5102.000000	15904.000000	1807.000000	2097.000000
0.375314	0.848716	0.240928	3220.000000	13365.000000	892.000000	1051.000000
0.846601	0.889980	0.807254	10483.000000	12986.000000	2629.000000	2954.000000
0.683868	0.780899	0.608285	8252.000000	13566.000000	1807.000000	2314.000000
0.660151	0.702057	0.622966	8767.000000	14073.000000	2321.000000	3306.000000
0.862291	1.000000	0.757918	10936.000000	14429.000000	2042.000000	2042.000000
0.777352	0.935495	0.664945	12616.000000	18973.000000	2596.000000	2775.000000
0.775593	0.926055	0.667190	14031.000000	21030.000000	5047.000000	5450.000000
0.774741	0.897296	0.681641	12033.000000	17653.000000	2953.000000	3291.000000
0.670134	0.881877	0.540385	2529.000000	4680.000000	545.000000	618.000000
0.650372	0.611292	0.694790	5254.000000	7562.000000	1126.000000	1842.000000
0.627081	0.544381	0.739408	13875.000000	18765.000000	3134.000000	5757.000000
0.693769	0.904339	0.562739	10288.000000	18282.000000	2543.000000	2812.000000
0.888072	0.918151	0.859901	31849.000000	37038.000000	4947.000000	5388.000000
0.870910	0.976660	0.785824	19435.000000	24732.000000	4854.000000	4970.000000
0.650657	0.827419	0.536124	10270.000000	19156.000000	2215.000000	2677.000000
0.597306	0.760616	0.491728	6004.000000	12210.000000	1433.000000	1884.000000
0.675291	0.766371	0.603560	4849.000000	8034.000000	1381.000000	1802.000000
0.724244	0.896595	0.607471	12017.000000	19782.000000	3555.000000	3965.000000
0.854988	0.965156	0.767394	12728.000000	16586.000000	2853.000000	2956.000000
0.644738	0.991736	0.477623	5923.000000	12401.000000	1320.000000	1331.000000
0.787030	0.983792	0.655856	11749.000000	17914.000000	2610.000000	2653.000000
0.733617	0.842674	0.649553	16144.000000	24854.000000	4210.000000	4996.000000
0.730402	1.000000	0.575301	2101.000000	3652.000000	422.000000	422.000000
0.762968	0.991992	0.619859	11605.000000	18722.000000	2973.000000	2997.000000
0.396847	0.942668	0.251325	5357.000000	21315.000000	1710.000000	1814.000000
0.167913	0.431344	0.104247	1269.000000	12173.000000	600.000000	1391.000000
0.941764	0.955215	0.928688	11395.000000	12270.000000	3050.000000	3193.000000
0.726581	0.792832	0.670548	6507.000000	9704.000000	1814.000000	2288.000000
0.791397	0.775177	0.808309	6751.000000	8352.000000	1424.000000	1837.000000
0.718575	0.734360	0.703454	8777.000000	12477.000000	2289.000000	3117.000000
0.800810	0.819882	0.782606	10807.000000	13809.000000	2631.000000	3209.000000
