0.656039	0.533738	0.851049	15084.000000	17724.000000	4224.000000	7914.000000
0.749942	0.864156	0.662395	10493.000000	15841.000000	3626.000000	4196.000000
0.698576	0.540241	0.988199	21940.000000	22202.000000	9129.000000	16898.000000
0.665617	0.510072	0.957648	11826.000000	12349.000000	3393.000000	6652.000000
0.791833	0.725892	0.870952	21840.000000	25076.000000	5209.000000	7176.000000
0.816856	0.706103	0.968816	7829.000000	8081.000000	1504.000000	2130.000000
0.722859	0.636515	0.836305	6708.000000	8021.000000	1914.000000	3007.000000
0.403035	0.254832	0.963203	8612.000000	8941.000000	2874.000000	11278.000000
0.836115	0.819188	0.853756	11127.000000	13033.000000	2442.000000	2981.000000
0.424654	0.284272	0.838959	7705.000000	9184.000000	3237.000000	11387.000000
0.537869	0.407380	0.791350	9167.000000	11584.000000	3268.000000	8022.000000
0.377367	0.241427	0.863678	6665.000000	7717.000000	1915.000000	7932.000000
0.568513	0.408245	0.935946	10842.000000	11584.000000	3070.000000	7520.000000
0.872452	0.823399	0.927721	16827.000000	18138.000000	5553.000000	6744.000000
0.722312	0.584499	0.945163	16150.000000	17087.000000	4012.000000	6864.000000
0.733631	0.585206	0.982930	15432.000000	15700.000000	3386.000000	5786.000000
0.637929	0.472319	0.982382	16003.000000	16290.000000	4607.000000	9754.000000
0.651671	0.489826	0.973242	20550.000000	21115.000000	7270.000000	14842.000000
0.791599	0.696401	0.916946	11493.000000	12534.000000	4083.000000	5863.000000
0.576433	0.407245	0.986107	12279.000000	12452.000000	5666.000000	13913.000000
0.488305	0.342076	0.852897	6772.000000	7940.000000	2804.000000	8197.000000
0.515170	0.358285	0.916476	9206.000000	10045.000000	3944.000000	11008.000000
0.658615	0.500804	0.961641	15869.000000	16502.000000	7472.000000	14920.000000
0.781554	0.717114	0.858718	17596.000000	20491.000000	5904.000000	8233.000000
0.669233	0.525358	0.921633	5939.000000	6444.000000	2165.000000	4121.000000
0.566702	0.406584	0.934860	5267.000000	5634.000000	1482.000000	3645.000000
0.504659	0.365225	0.816305	8341.000000	10218.000000	2153.000000	5895.000000
0.739579	0.609989	0.939085	8109.000000	8635.000000	3713.000000	6087.000000
0.934702	0.885336	0.989899	3626.000000	3663.000000	803.000000	907.000000
0.465145	0.309651	0.934318	8606.000000	9211.000000	3927.000000	12682.000000
0.735952	0.592815	0.970212	13940.000000	14368.000000	4934.000000	8323.000000
0.571677	0.408674	0.950987	13582.000000	14282.000000	5522.000000	13512.000000
0.544208	0.375424	0.988719	15162.000000	15335.000000	6529.000000	17391.000000
0.503279	0.339843	0.969549	14869.000000	15336.000000	3776.000000	11111.000000
0.711302	0.562380	0.967505	17924.000000	18526.000000	7316.000000	13009.000000
0.657590	0.494979	0.979319	18468.000000	18858.000000	6506.000000	13144.000000
0.455486	0.304272	0.905484	8536.000000	9427.000000	2799.000000	9199.000000
0.470100	0.308809	0.984096	12066.000000	12261.000000	5595.000000	18118.000000
0.677386	0.523859	0.958207	20497.000000	21391.000000	8563.000000	16346.000000
0.266306	0.154390	0.968034	5239.000000	5412.000000	1530.000000	9910.000000
0.671681	0.509650	0.984764	16546.000000	16802.000000	4146.000000	8135.000000
0.660926	0.508864	0.942599	14812.000000	15714.000000	4937.000000	9702.000000
0.778252	0.670134	0.927969	19350.000000	20852.000000	7988.000000	11920.000000
0.675767	0.529068	0.935033	15803.000000	16901.000000	4432.000000	8377.000000
0.675531	0.523322	0.952594	15774.000000	16559.000000	4959.000000	9476.000000
0.662138	0.498806	0.984514	14749.000000	14981.000000	5013.000000	10050.000000
0.454720	0.297054	0.969066	12562.000000	12963.000000	5224.000000	17586.000000
0.595076	0.427853	0.976885	21469.000000	21977.000000	8845.000000	20673.000000
0.509295	0.353015	0.913862	10673.000000	11679.000000	3384.000000	9586.000000
0.543590	0.391581	0.888502	9698.000000	10915.000000	4623.000000	11806.000000
0.743267	0.612742	0.944451	8144.000000	8623.000000	1962.000000	3202.000000
0.741950	0.596407	0.981459	18262.000000	18607.000000	3619.000000	6068.000000
0.588227	0.421611	0.972577	12874.000000	13237.000000	3894.000000	9236.000000
0.295811	0.175896	0.929459	6957.000000	7485.000000	2970.000000	16885.000000
0.772630	0.680230	0.894080	16705.000000	18684.000000	5216.000000	7668.000000
0.393143	0.247829	0.950415	26547.000000	27932.000000	5081.000000	20502.000000
0.639039	0.484296	0.939103	16408.000000	17472.000000	5736.000000	11844.000000
0.858474	0.807328	0.916538	13672.000000	14917.000000	4517.000000	5595.000000
0.462936	0.312294	0.894341	8202.000000	9171.000000	2944.000000	9427.000000
0.603542	0.439977	0.960681	19424.000000	20219.000000	5406.000000	12287.000000
0.731998	0.613906	0.906345	16026.000000	17682.000000	4247.000000	6918.000000
0.438762	0.282601	0.980653	5829.000000	5944.000000	1673.000000	5920.000000
0.454837	0.298029	0.959878	9163.000000	9546.000000	2842.000000	9536.000000
0.636448	0.502685	0.867208	13342.000000	15385.000000	3838.000000	7635.000000
0.661388	0.507862	0.947951	17047.000000	17983.000000	5006.000000	9857.000000
0.599171	0.438770	0.944424	13034.000000	13801.000000	4124.000000	9399.000000
0.796867	0.721298	0.890124	9851.000000	11067.000000	4467.000000	6193.000000
0.561210	0.411939	0.880138	8136.000000	9244.000000	2919.000000	7086.000000
0.497698	0.337359	0.948496	13057.000000	13766.000000	4916.000000	14572.000000
0.525394	0.358890	0.980111	15769.000000	16089.000000	3904.000000	10878.000000
0.338403	0.204587	0.978278	8692.000000	8885.000000	2944.000000	14390.000000
0.705725	0.555076	0.968607	13730.000000	14175.000000	4500.000000	8107.000000
0.549107	0.385611	0.953299	6920.000000	7259.000000	3189.000000	8270.000000
0.683160	0.529755	0.961627	14234.000000	14802.000000	4273.000000	8066.000000
0.485756	0.329262	0.925754	8965.000000	9684.000000	2696.000000	8188.000000
0.733347	0.647991	0.844600	6022.000000	7130.000000	2290.000000	3534.000000
0.556599	0.388625	0.980323	10911.000000	11130.000000	5801.000000	14927.000000
0.711412	0.625706	0.824324	10248.000000	12432.000000	3325.000000	5314.000000
0.674296	0.573340	0.818405	13971.000000	17071.000000	4714.000000	8222.000000
0.738612	0.603229	0.952350	14450.000000	15173.000000	4260.000000	7062.000000
0.295045	0.174933	0.941476	14414.000000	15310.000000	3139.000000	17944.000000
0.432944	0.277830	0.980191	14647.000000	14943.000000	4460.000000	16053.000000
0.627224	0.479669	0.905896	11985.000000	13230.000000	3763.000000	7845.000000
0.570592	0.405887	0.960257	17179.000000	17890.000000	6109.000000	15051.000000
0.713834	0.561469	0.979691	8490.000000	8666.000000	2110.000000	3758.000000
0.744631	0.642966	0.884484	17358.000000	19625.000000	6330.000000	9845.000000
0.807566	0.716977	0.924358	20041.000000	21681.000000	3577.000000	4989.000000
0.823308	0.722973	0.955980	13899.000000	14539.000000	3531.000000	4884.000000
0.809140	0.698641	0.961161	13413.000000	13955.000000	4523.000000	6474.000000
0.690393	0.554121	0.915547	8998.000000	9828.000000	4249.000000	7668.000000
0.703260	0.556599	0.954862	12608.000000	13204.000000	6933.000000	12456.000000
0.786084	0.737056	0.842098	19615.000000	23293.000000	5068.000000	6876.000000
0.658653	0.502016	0.957367	19649.000000	20524.000000	5479.000000	10914.000000
0.482193	0.319551	0.981998	9710.000000	9888.000000	3277.000000	10255.000000
0.636684	0.482899	0.934186	10518.000000	11259.000000	3784.000000	7836.000000
0.799866	0.682993	0.964996	14115.000000	14627.000000	4309.000000	6309.000000
0.774785	0.649693	0.959532	13112.000000	13665.000000	3815.000000	5872.000000
0.821216	0.721046	0.953709	20891.000000	21905.000000	7558.000000	10482.000000
0.495538	0.331450	0.981382	16920.000000	17241.000000	4928.000000	14868.000000
0.650686	0.486436	0.982405	18872.000000	19210.000000	6975.000000	14339.000000
0.768393	0.641308	0.958295	14407.000000	15034.000000	4375.000000	6822.000000
0.683614	0.579564	0.833199	16594.000000	19916.000000	3959.000000	6831.000000
0.881698	0.798367	0.984452	18679.000000	18974.000000	3813.000000	4776.000000
0.731411	0.614841	0.902526	21509.000000	23832.000000	6521.000000	10606.000000
0.592198	0.433937	0.932171	15351.000000	16468.000000	5488.000000	12647.000000
0.602416	0.435945	0.974568	11496.000000	11796.000000	4975.000000	11412.000000
0.875045	0.805561	0.957648	14087.000000	14710.000000	4346.000000	5395.000000
0.778237	0.649461	0.970710	25221.000000	25982.000000	8984.000000	13833.000000
0.686727	0.524707	0.993503	18963.000000	19087.000000	5097.000000	9714.000000
0.719379	0.585687	0.932159	16516.000000	17718.000000	3961.000000	6763.000000
0.737474	0.622665	0.904190	12278.000000	13579.000000	4434.000000	7121.000000
0.667624	0.542187	0.868573	15524.000000	17873.000000	4646.000000	8569.000000
0.689240	0.533441	0.973592	11171.000000	11474.000000	3318.000000	6220.000000
0.641933	0.488746	0.934986	14971.000000	16012.000000	5081.000000	10396.000000
0.725167	0.574317	0.983492	28180.000000	28653.000000	8466.000000	14741.000000
0.945688	0.953449	0.938051	9570.000000	10202.000000	1700.000000	1783.000000
0.386188	0.240302	0.982902	9083.000000	9241.000000	2800.000000	11652.000000
0.433021	0.291629	0.840549	8387.000000	9978.000000	3240.000000	11110.000000
0.443607	0.294629	0.897348	14144.000000	15762.000000	4136.000000	14038.000000
0.192755	0.106949	0.975061	7937.000000	8140.000000	2027.000000	18953.000000
0.424160	0.272815	0.952637	8870.000000	9311.000000	3103.000000	11374.000000
0.699831	0.557157	0.940727	15522.000000	16500.000000	5761.000000	10340.000000
0.734233	0.608800	0.924765	15377.000000	16628.000000	5327.000000	8750.000000
0.759957	0.638921	0.937568	4310.000000	4597.000000	1090.000000	1706.000000
0.730273	0.623088	0.881996	18581.000000	21067.000000	7659.000000	12292.000000
0.525541	0.358383	0.984938	19095.000000	19387.000000	6562.000000	18310.000000
0.678330	0.629706	0.735092	6940.000000	9441.000000	1840.000000	2922.000000
0.505642	0.360022	0.849068	1367.000000	1610.000000	661.000000	1836.000000
0.748121	0.619338	0.944523	19443.000000	20585.000000	6905.000000	11149.000000
0.889169	0.940040	0.843522	17234.000000	20431.000000	4719.000000	5020.000000
0.551338	0.392530	0.925954	13268.000000	14329.000000	3773.000000	9612.000000
0.643013	0.479711	0.974880	17930.000000	18392.000000	3913.000000	8157.000000
0.747759	0.718808	0.779140	5655.000000	7258.000000	1544.000000	2148.000000
0.617463	0.460681	0.936016	17935.000000	19161.000000	6526.000000	14166.000000
0.813767	0.702203	0.967476	21566.000000	22291.000000	6501.000000	9258.000000
0.574859	0.439248	0.831605	8020.000000	9644.000000	2968.000000	6757.000000
0.548398	0.379717	0.986734	9893.000000	10026.000000	2546.000000	6705.000000
0.350646	0.216754	0.917231	10029.000000	10934.000000	3581.000000	16521.000000
0.378471	0.236436	0.947916	10938.000000	11539.000000	3251.000000	13750.000000
0.576241	0.417816	0.928186	10663.000000	11488.000000	3879.000000	9284.000000
0.639814	0.480023	0.959070	13614.000000	14195.000000	4950.000000	10312.000000
0.750034	0.604780	0.987118	19233.000000	19484.000000	5795.000000	9582.000000
0.506646	0.340823	0.986724	11743.000000	11901.000000	2609.000000	7655.000000
0.766254	0.637813	0.959468	17304.000000	18035.000000	7199.000000	11287.000000
0.745730	0.648019	0.878141	13281.000000	15124.000000	4923.000000	7597.000000
0.719972	0.570381	0.975923	23590.000000	24172.000000	8165.000000	14315.000000
0.575119	0.425014	0.889146	8831.000000	9932.000000	3072.000000	7228.000000
0.651677	0.492394	0.963285	11859.000000	12311.000000	2622.000000	5325.000000
0.695650	0.542679	0.968710	22012.000000	22723.000000	7413.000000	13660.000000
0.417701	0.265162	0.983445	11643.000000	11839.000000	3948.000000	14889.000000
0.806250	0.682009	0.985839	25688.000000	26057.000000	7809.000000	11450.000000
0.723521	0.606092	0.897386	12016.000000	13390.000000	4656.000000	7682.000000
0.661457	0.505964	0.954925	19448.000000	20366.000000	9884.000000	19535.000000
0.681595	0.523595	0.976162	16462.000000	16864.000000	4993.000000	9536.000000
0.739912	0.596339	0.974540	22201.000000	22781.000000	6580.000000	11034.000000
0.835162	0.723806	0.987012	25078.000000	25408.000000	6017.000000	8313.000000
0.665461	0.506040	0.971530	21976.000000	22620.000000	7876.000000	15564.000000
0.688834	0.553342	0.912195	15147.000000	16605.000000	5306.000000	9589.000000
0.713884	0.612116	0.856240	10298.000000	12027.000000	2809.000000	4589.000000
0.734391	0.590346	0.971418	29637.000000	30509.000000	9344.000000	15828.000000
0.598024	0.437946	0.942543	12943.000000	13732.000000	4485.000000	10241.000000
0.748097	0.608614	0.970521	14354.000000	14790.000000	4550.000000	7476.000000
0.897431	0.876898	0.918948	23832.000000	25934.000000	8548.000000	9748.000000
0.780388	0.681080	0.913599	10077.000000	11030.000000	2347.000000	3446.000000
0.582091	0.417507	0.960874	11076.000000	11527.000000	3687.000000	8831.000000
0.615807	0.465324	0.910142	11253.000000	12364.000000	3281.000000	7051.000000
0.636994	0.477180	0.957761	12063.000000	12595.000000	2457.000000	5149.000000
0.328297	0.196639	0.993459	7594.000000	7644.000000	2235.000000	11366.000000
0.621510	0.461997	0.949258	15097.000000	15904.000000	8133.000000	17604.000000
0.480434	0.326305	0.910513	12169.000000	13365.000000	4163.000000	12758.000000
0.717405	0.577980	0.945480	12278.000000	12986.000000	3932.000000	6803.000000
0.676243	0.560510	0.852204	11561.000000	13566.000000	3344.000000	5966.000000
0.518401	0.351839	0.984438	13854.000000	14073.000000	4525.000000	12861.000000
0.873742	0.882812	0.864855	12479.000000	14429.000000	2486.000000	2816.000000
0.751173	0.622035	0.947979	17986.000000	18973.000000	5533.000000	8895.000000
0.757403	0.615681	0.983880	20691.000000	21030.000000	9258.000000	15037.000000
0.559900	0.393240	0.971733	17154.000000	17653.000000	5398.000000	13727.000000
0.646818	0.594682	0.708974	3318.000000	4680.000000	917.000000	1542.000000
0.322958	0.193636	0.972362	7353.000000	7562.000000	1850.000000	9554.000000
0.489237	0.326289	0.977298	18339.000000	18765.000000	5543.000000	16988.000000
0.662524	0.507972	0.952248	17409.000000	18282.000000	5926.000000	11666.000000
0.666902	0.500712	0.998218	36972.000000	37038.000000	7031.000000	14042.000000
0.800660	0.687468	0.958475	23705.000000	24732.000000	6632.000000	9647.000000
0.579052	0.426784	0.900240	17245.000000	19156.000000	4605.000000	10790.000000
0.606079	0.454015	0.911302	11127.000000	12210.000000	3816.000000	8405.000000
0.753327	0.664362	0.869803	6988.000000	8034.000000	2690.000000	4049.000000
0.695002	0.595465	0.834496	16508.000000	19782.000000	5882.000000	9878.000000
0.786041	0.662662	0.965875	16020.000000	16586.000000	4192.000000	6326.000000
0.673327	0.517674	0.962826	11940.000000	12401.000000	4042.000000	7808.000000
0.696423	0.544034	0.967400	17330.000000	17914.000000	5257.000000	9663.000000
0.602198	0.442855	0.940653	23379.000000	24854.000000	6936.000000	15662.000000
0.629973	0.613781	0.647043	2363.000000	3652.000000	677.000000	1103.000000
0.747661	0.610049	0.965442	18075.000000	18722.000000	6508.000000	10668.000000
0.560466	0.391330	0.987098	21040.000000	21315.000000	9894.000000	25283.000000
0.413911	0.266144	0.930584	11328.000000	12173.000000	5572.000000	20936.000000
0.751257	0.605910	0.988346	12127.000000	12270.000000	3404.000000	5618.000000
0.486403	0.324361	0.971970	9432.000000	9704.000000	3302.000000	10180.000000
0.465437	0.305122	0.980723	8191.000000	8352.000000	2228.000000	7302.000000
0.394923	0.248492	0.961529	11997.000000	12477.000000	4450.000000	17908.000000
0.687032	0.547730	0.921356	12723.000000	13809.000000	3632.000000	6631.000000
