0.602329	0.965678	0.437655	7757.000000	17724.000000	1660.000000	1719.000000
0.349110	0.754775	0.227069	3597.000000	15841.000000	988.000000	1309.000000
0.287264	0.996450	0.167823	3726.000000	22202.000000	842.000000	845.000000
0.702111	0.782332	0.636813	7864.000000	12349.000000	1718.000000	2196.000000
0.198410	0.590487	0.119238	2990.000000	25076.000000	509.000000	862.000000
0.419499	0.873016	0.276080	2231.000000	8081.000000	385.000000	441.000000
0.683811	0.940060	0.537339	4310.000000	8021.000000	941.000000	1001.000000
0.701994	0.879624	0.584051	5222.000000	8941.000000	1403.000000	1595.000000
0.646274	1.000000	0.477404	6222.000000	13033.000000	1328.000000	1328.000000
0.501740	0.653655	0.407121	3739.000000	9184.000000	921.000000	1409.000000
0.451894	0.853992	0.307234	3559.000000	11584.000000	813.000000	952.000000
0.830452	0.979310	0.720876	5563.000000	7717.000000	1278.000000	1305.000000
0.615096	0.852295	0.481181	5574.000000	11584.000000	1281.000000	1503.000000
0.611883	0.982641	0.444261	8058.000000	18138.000000	1868.000000	1901.000000
0.871037	0.987527	0.779130	13313.000000	17087.000000	2296.000000	2325.000000
0.875715	0.990693	0.784650	12319.000000	15700.000000	2129.000000	2149.000000
0.678511	1.000000	0.513444	8364.000000	16290.000000	1404.000000	1404.000000
0.752534	0.989840	0.607009	12817.000000	21115.000000	2533.000000	2559.000000
0.785943	0.824588	0.750758	9410.000000	12534.000000	2750.000000	3335.000000
0.741602	0.932359	0.615644	7666.000000	12452.000000	1723.000000	1848.000000
0.742972	0.973735	0.600630	4769.000000	7940.000000	1520.000000	1561.000000
0.699536	0.833469	0.602688	6054.000000	10045.000000	2052.000000	2462.000000
0.568363	0.901897	0.414919	6847.000000	16502.000000	1664.000000	1845.000000
0.663863	1.000000	0.496852	10181.000000	20491.000000	2302.000000	2302.000000
0.000000	1.000000	0.000000	0.000000	6444.000000	0.000000	0.000000
0.825427	0.947705	0.731097	4119.000000	5634.000000	888.000000	937.000000
0.770201	0.966578	0.640145	6541.000000	10218.000000	1446.000000	1496.000000
0.722330	0.931948	0.589693	5092.000000	8635.000000	2287.000000	2454.000000
0.885610	1.000000	0.794704	2911.000000	3663.000000	583.000000	583.000000
0.468848	0.921505	0.314407	2896.000000	9211.000000	857.000000	930.000000
0.839770	0.962533	0.744780	10701.000000	14368.000000	2569.000000	2669.000000
0.571034	0.985095	0.402045	5742.000000	14282.000000	1454.000000	1476.000000
0.765282	0.875217	0.679883	10426.000000	15335.000000	3023.000000	3454.000000
0.772042	0.943266	0.653430	10021.000000	15336.000000	1646.000000	1745.000000
0.743015	0.962641	0.604988	11208.000000	18526.000000	2989.000000	3105.000000
0.732334	0.982437	0.583731	11008.000000	18858.000000	2741.000000	2790.000000
0.723222	0.944974	0.585764	5522.000000	9427.000000	1288.000000	1363.000000
0.445055	0.847426	0.301770	3700.000000	12261.000000	922.000000	1088.000000
0.586996	0.929595	0.428919	9175.000000	21391.000000	2205.000000	2372.000000
0.295223	0.304189	0.286770	1552.000000	5412.000000	334.000000	1098.000000
0.724093	0.955373	0.582966	9795.000000	16802.000000	2098.000000	2196.000000
0.758378	0.851831	0.683403	10739.000000	15714.000000	3001.000000	3523.000000
0.723348	0.980969	0.572895	11946.000000	20852.000000	3969.000000	4046.000000
0.523249	0.976471	0.357375	6040.000000	16901.000000	1162.000000	1190.000000
0.492764	0.896507	0.339755	5626.000000	16559.000000	1386.000000	1546.000000
0.809175	0.979577	0.689273	10326.000000	14981.000000	2734.000000	2791.000000
0.528688	0.760331	0.405230	5253.000000	12963.000000	1472.000000	1936.000000
0.000000	1.000000	0.000000	0.000000	21977.000000	0.000000	0.000000
0.677316	0.845679	0.564860	6597.000000	11679.000000	1233.000000	1458.000000
0.118156	0.681922	0.064682	706.000000	10915.000000	298.000000	437.000000
0.678167	0.786676	0.595964	5139.000000	8623.000000	1169.000000	1486.000000
0.836713	0.995606	0.721556	13426.000000	18607.000000	2266.000000	2276.000000
0.842224	0.967175	0.745864	9873.000000	13237.000000	2092.000000	2163.000000
0.624182	0.784884	0.518103	3878.000000	7485.000000	1215.000000	1548.000000
0.821649	0.970820	0.712214	13307.000000	18684.000000	2961.000000	3050.000000
0.692180	0.977462	0.535801	14966.000000	27932.000000	1995.000000	2041.000000
0.574215	0.791274	0.450607	7873.000000	17472.000000	2013.000000	2544.000000
0.770788	0.999120	0.627405	9359.000000	14917.000000	2272.000000	2274.000000
0.711296	0.920852	0.579435	5314.000000	9171.000000	1210.000000	1314.000000
0.346159	0.967422	0.210792	4262.000000	20219.000000	683.000000	706.000000
0.690961	0.939439	0.546431	9662.000000	17682.000000	1877.000000	1998.000000
0.954187	0.985887	0.924462	5495.000000	5944.000000	1467.000000	1488.000000
0.932812	1.000000	0.874083	8344.000000	9546.000000	2276.000000	2276.000000
0.740733	0.987454	0.592655	9118.000000	15385.000000	2125.000000	2152.000000
0.680090	0.904332	0.544959	9800.000000	17983.000000	2004.000000	2216.000000
0.635906	0.844457	0.509963	7038.000000	13801.000000	1493.000000	1768.000000
0.725302	0.938501	0.591036	6541.000000	11067.000000	1465.000000	1561.000000
0.631601	0.946488	0.473929	4381.000000	9244.000000	849.000000	897.000000
0.601420	0.739111	0.506974	6979.000000	13766.000000	1697.000000	2296.000000
0.854423	0.949833	0.776431	12492.000000	16089.000000	2272.000000	2392.000000
0.669981	0.824081	0.564434	5015.000000	8885.000000	1143.000000	1387.000000
0.789937	0.981937	0.660741	9366.000000	14175.000000	1957.000000	1993.000000
0.690945	0.732037	0.654222	4749.000000	7259.000000	1844.000000	2519.000000
0.808634	0.991870	0.682543	10103.000000	14802.000000	2318.000000	2337.000000
0.652851	0.660699	0.645188	6248.000000	9684.000000	1550.000000	2346.000000
0.306451	0.843521	0.187237	1335.000000	7130.000000	345.000000	409.000000
0.713662	0.904745	0.589218	6558.000000	11130.000000	2498.000000	2761.000000
0.737089	0.903370	0.622506	7739.000000	12432.000000	1823.000000	2018.000000
0.564418	0.959484	0.399801	6825.000000	17071.000000	1563.000000	1629.000000
0.808608	0.949824	0.703948	10681.000000	15173.000000	2423.000000	2551.000000
0.857923	0.985428	0.759634	11630.000000	15310.000000	2164.000000	2196.000000
0.633639	0.939502	0.478016	7143.000000	14943.000000	1584.000000	1686.000000
0.590223	0.896576	0.439909	5820.000000	13230.000000	1257.000000	1402.000000
0.430385	0.924356	0.280492	5018.000000	17890.000000	1112.000000	1203.000000
0.881409	0.936050	0.832795	7217.000000	8666.000000	1493.000000	1595.000000
0.491166	0.978723	0.327847	6434.000000	19625.000000	1702.000000	1739.000000
0.851277	1.000000	0.741064	16067.000000	21681.000000	2409.000000	2409.000000
0.669991	0.965806	0.512896	7457.000000	14539.000000	1384.000000	1433.000000
0.782489	0.995150	0.644715	8997.000000	13955.000000	2052.000000	2062.000000
0.629795	0.954707	0.469882	4618.000000	9828.000000	1876.000000	1965.000000
0.542827	0.776108	0.417374	5511.000000	13204.000000	2066.000000	2662.000000
0.754818	0.908170	0.645773	15042.000000	23293.000000	2957.000000	3256.000000
0.672862	0.987120	0.510378	10475.000000	20524.000000	1916.000000	1941.000000
0.565569	0.506350	0.640473	6333.000000	9888.000000	1515.000000	2992.000000
0.734564	0.970992	0.590727	6651.000000	11259.000000	1841.000000	1896.000000
0.561799	0.998074	0.390921	5718.000000	14627.000000	1555.000000	1558.000000
0.729965	0.928643	0.601317	8217.000000	13665.000000	1848.000000	1990.000000
0.710094	0.987403	0.554394	12144.000000	21905.000000	3449.000000	3493.000000
0.624213	0.592344	0.659707	11374.000000	17241.000000	2476.000000	4180.000000
0.589802	0.923441	0.433264	8323.000000	19210.000000	2147.000000	2325.000000
0.799577	0.924946	0.704137	10586.000000	15034.000000	2588.000000	2798.000000
0.180288	0.746177	0.102531	2042.000000	19916.000000	488.000000	654.000000
0.859354	0.991301	0.758406	14390.000000	18974.000000	2507.000000	2529.000000
0.580885	0.886792	0.431898	10293.000000	23832.000000	2350.000000	2650.000000
0.691229	0.908055	0.557991	9189.000000	16468.000000	2232.000000	2458.000000
0.679263	0.866469	0.558579	6589.000000	11796.000000	2336.000000	2696.000000
0.637219	0.993598	0.469001	6899.000000	14710.000000	1552.000000	1562.000000
0.755396	0.951309	0.626395	16275.000000	25982.000000	3888.000000	4087.000000
0.711846	0.855348	0.609577	11635.000000	19087.000000	2519.000000	2945.000000
0.771728	0.880134	0.687098	12174.000000	17718.000000	2357.000000	2678.000000
0.692624	0.946054	0.546285	7418.000000	13579.000000	2122.000000	2243.000000
0.566698	0.998431	0.395625	7071.000000	17873.000000	1273.000000	1275.000000
0.857114	1.000000	0.749956	8605.000000	11474.000000	1793.000000	1793.000000
0.488933	0.967994	0.327067	5237.000000	16012.000000	1240.000000	1281.000000
0.805721	0.992262	0.678219	19433.000000	28653.000000	3975.000000	4006.000000
0.854544	1.000000	0.746030	7611.000000	10202.000000	1272.000000	1272.000000
0.679069	0.999039	0.514338	4753.000000	9241.000000	1040.000000	1041.000000
0.411938	0.804829	0.276809	2762.000000	9978.000000	800.000000	994.000000
0.602211	0.941370	0.442710	6978.000000	15762.000000	1429.000000	1518.000000
0.906593	0.894593	0.918919	7480.000000	8140.000000	1307.000000	1461.000000
0.482448	0.477924	0.487058	4535.000000	9311.000000	1050.000000	2197.000000
0.456925	0.940587	0.301758	4979.000000	16500.000000	1314.000000	1397.000000
0.688143	0.873413	0.567717	9440.000000	16628.000000	2270.000000	2599.000000
0.685633	1.000000	0.521645	2398.000000	4597.000000	481.000000	481.000000
0.198579	0.840310	0.112593	2372.000000	21067.000000	542.000000	645.000000
0.745042	0.928390	0.622169	12062.000000	19387.000000	2917.000000	3142.000000
0.701401	0.984163	0.544858	5144.000000	9441.000000	870.000000	884.000000
0.471761	1.000000	0.308696	497.000000	1610.000000	100.000000	100.000000
0.694238	0.915146	0.559242	11512.000000	20585.000000	2858.000000	3123.000000
0.688513	1.000000	0.524987	10726.000000	20431.000000	2423.000000	2423.000000
0.384088	0.944633	0.241050	3454.000000	14329.000000	836.000000	885.000000
0.702716	0.992424	0.543932	10004.000000	18392.000000	1441.000000	1452.000000
0.788534	0.997146	0.652108	4733.000000	7258.000000	1048.000000	1051.000000
0.738171	0.946694	0.604927	11591.000000	19161.000000	2735.000000	2889.000000
0.643801	0.973554	0.480912	10720.000000	22291.000000	2356.000000	2420.000000
0.272410	0.978395	0.158233	1526.000000	9644.000000	317.000000	324.000000
0.738910	0.885517	0.633952	6356.000000	10026.000000	1284.000000	1450.000000
0.460459	0.997183	0.299342	3273.000000	10934.000000	708.000000	710.000000
0.677516	0.879224	0.551088	6359.000000	11539.000000	1587.000000	1805.000000
0.578126	0.988577	0.408513	4693.000000	11488.000000	952.000000	963.000000
0.658480	0.837500	0.542515	7701.000000	14195.000000	1876.000000	2240.000000
0.699351	0.905792	0.569544	11097.000000	19484.000000	2596.000000	2866.000000
0.850037	0.934227	0.779766	9280.000000	11901.000000	1534.000000	1642.000000
0.403540	0.972953	0.254561	4591.000000	18035.000000	1331.000000	1368.000000
0.713221	0.932525	0.577427	8733.000000	15124.000000	2460.000000	2638.000000
0.687160	0.882578	0.562593	13599.000000	24172.000000	3698.000000	4190.000000
0.690322	0.782781	0.617398	6132.000000	9932.000000	1582.000000	2021.000000
0.887680	0.966635	0.820648	10103.000000	12311.000000	2057.000000	2128.000000
0.000000	1.000000	0.000000	0.000000	22723.000000	0.000000	0.000000
0.889608	0.994915	0.804460	9524.000000	11839.000000	2348.000000	2360.000000
0.613547	0.982244	0.446099	11624.000000	26057.000000	2600.000000	2647.000000
0.506045	0.976407	0.341524	4573.000000	13390.000000	1076.000000	1102.000000
0.305950	0.894737	0.184523	3758.000000	20366.000000	1156.000000	1292.000000
0.645001	0.783300	0.548209	9245.000000	16864.000000	1970.000000	2515.000000
0.762316	0.932689	0.644572	14684.000000	22781.000000	2702.000000	2897.000000
0.795165	0.993983	0.662626	16836.000000	25408.000000	3469.000000	3490.000000
0.677958	0.839178	0.568700	12864.000000	22620.000000	3350.000000	3992.000000
0.650833	0.795018	0.550918	9148.000000	16605.000000	1947.000000	2449.000000
0.719458	0.918857	0.591170	7110.000000	12027.000000	1608.000000	1750.000000
0.523249	0.954689	0.360385	10995.000000	30509.000000	2423.000000	2538.000000
0.712883	0.823260	0.628605	8632.000000	13732.000000	1798.000000	2184.000000
0.786213	1.000000	0.647735	9580.000000	14790.000000	2457.000000	2457.000000
0.644248	0.997744	0.475708	12337.000000	25934.000000	2653.000000	2659.000000
0.757258	0.835282	0.692566	7639.000000	11030.000000	1572.000000	1882.000000
0.704658	0.995523	0.545328	6286.000000	11527.000000	1779.000000	1787.000000
0.754042	0.916039	0.640731	7922.000000	12364.000000	1582.000000	1727.000000
0.911976	0.994193	0.842318	10609.000000	12595.000000	1712.000000	1722.000000
0.454402	0.833068	0.312402	2388.000000	7644.000000	524.000000	629.000000
0.205270	1.000000	0.114374	1819.000000	15904.000000	616.000000	616.000000
0.268902	0.812983	0.161092	2153.000000	13365.000000	526.000000	647.000000
0.858029	0.935630	0.792315	10289.000000	12986.000000	2471.000000	2641.000000
0.691154	0.838473	0.587867	7975.000000	13566.000000	1713.000000	2043.000000
0.302130	0.780702	0.187309	2636.000000	14073.000000	712.000000	912.000000
0.860719	1.000000	0.755492	10901.000000	14429.000000	2030.000000	2030.000000
0.633565	0.992740	0.465240	8827.000000	18973.000000	1641.000000	1653.000000
0.590774	0.907032	0.438041	9212.000000	21030.000000	3044.000000	3356.000000
0.721006	0.915196	0.594800	10500.000000	17653.000000	2385.000000	2606.000000
0.699277	1.000000	0.537607	2516.000000	4680.000000	540.000000	540.000000
0.751078	0.946705	0.622454	4707.000000	7562.000000	977.000000	1032.000000
0.627710	0.681155	0.582041	10922.000000	18765.000000	2241.000000	3290.000000
0.517359	0.994822	0.349579	6391.000000	18282.000000	1345.000000	1352.000000
0.835134	0.938496	0.752281	27863.000000	37038.000000	4242.000000	4520.000000
0.779158	0.971993	0.650170	16080.000000	24732.000000	3887.000000	3999.000000
0.495455	0.776665	0.363750	6968.000000	19156.000000	1318.000000	1697.000000
0.556663	0.837838	0.416790	5089.000000	12210.000000	1023.000000	1221.000000
0.647042	0.778832	0.553398	4446.000000	8034.000000	1067.000000	1370.000000
0.655877	0.956663	0.498989	9871.000000	19782.000000	2649.000000	2769.000000
0.697861	1.000000	0.535934	8889.000000	16586.000000	1992.000000	1992.000000
0.546701	1.000000	0.376179	4665.000000	12401.000000	945.000000	945.000000
0.755571	0.995447	0.608853	10907.000000	17914.000000	2405.000000	2416.000000
0.636421	0.837304	0.513278	12757.000000	24854.000000	3479.000000	4155.000000
0.730402	1.000000	0.575301	2101.000000	3652.000000	422.000000	422.000000
0.665907	1.000000	0.499145	9345.000000	18722.000000	2251.000000	2251.000000
0.126793	0.914046	0.068121	1452.000000	21315.000000	436.000000	477.000000
0.031533	1.000000	0.016019	195.000000	12173.000000	124.000000	124.000000
0.906651	0.962963	0.856561	10510.000000	12270.000000	2808.000000	2916.000000
0.725472	0.893198	0.610779	5927.000000	9704.000000	1497.000000	1676.000000
0.839079	0.906961	0.780651	6520.000000	8352.000000	1355.000000	1494.000000
0.711144	0.881308	0.596057	7437.000000	12477.000000	1886.000000	2140.000000
0.772007	0.834492	0.718227	9918.000000	13809.000000	2400.000000	2876.000000
