0.754521	0.727111	0.784078	13897.000000	17724.000000	3272.000000	4500.000000
0.706690	0.866835	0.596490	9449.000000	15841.000000	3092.000000	3567.000000
0.798667	0.728805	0.883344	19612.000000	22202.000000	6963.000000	9554.000000
0.762837	0.650206	0.922666	11394.000000	12349.000000	3002.000000	4617.000000
0.759682	0.834579	0.697121	17481.000000	25076.000000	3350.000000	4014.000000
0.862893	0.843176	0.883554	7140.000000	8081.000000	1285.000000	1524.000000
0.767609	0.757178	0.778332	6243.000000	8021.000000	1556.000000	2055.000000
0.563798	0.409402	0.905156	8093.000000	8941.000000	2456.000000	5999.000000
0.880115	0.918628	0.844702	11009.000000	13033.000000	2303.000000	2507.000000
0.506970	0.379632	0.762848	7006.000000	9184.000000	2561.000000	6746.000000
0.599211	0.528219	0.692248	8019.000000	11584.000000	2396.000000	4536.000000
0.518321	0.374646	0.840741	6488.000000	7717.000000	1720.000000	4591.000000
0.627663	0.506762	0.824327	9549.000000	11584.000000	2398.000000	4732.000000
0.883381	0.918351	0.850976	15435.000000	18138.000000	4724.000000	5144.000000
0.810830	0.742212	0.893428	15266.000000	17087.000000	3121.000000	4205.000000
0.878816	0.813035	0.956178	15012.000000	15700.000000	2944.000000	3621.000000
0.796667	0.743141	0.858502	13985.000000	16290.000000	3142.000000	4228.000000
0.812535	0.740773	0.899692	18997.000000	21115.000000	5941.000000	8020.000000
0.799390	0.733136	0.878810	11015.000000	12534.000000	3706.000000	5055.000000
0.769920	0.644700	0.955509	11898.000000	12452.000000	5048.000000	7830.000000
0.588415	0.456147	0.828715	6580.000000	7940.000000	2512.000000	5507.000000
0.623163	0.477568	0.896466	9005.000000	10045.000000	3598.000000	7534.000000
0.776912	0.674031	0.916859	15130.000000	16502.000000	6346.000000	9415.000000
0.821221	0.831714	0.810990	16618.000000	20491.000000	5308.000000	6382.000000
0.821214	0.853865	0.790968	5097.000000	6444.000000	1414.000000	1656.000000
0.784293	0.755467	0.815406	4594.000000	5634.000000	1140.000000	1509.000000
0.778336	0.782195	0.774516	7914.000000	10218.000000	1889.000000	2415.000000
0.770675	0.695818	0.863578	7457.000000	8635.000000	3461.000000	4974.000000
0.961488	0.992877	0.932023	3414.000000	3663.000000	697.000000	702.000000
0.638177	0.519231	0.827815	7625.000000	9211.000000	3051.000000	5876.000000
0.795847	0.693632	0.933394	13411.000000	14368.000000	4390.000000	6329.000000
0.711892	0.624961	0.826915	11810.000000	14282.000000	4021.000000	6434.000000
0.685771	0.530246	0.970395	14881.000000	15335.000000	5943.000000	11208.000000
0.688226	0.555430	0.904473	13871.000000	15336.000000	2946.000000	5304.000000
0.785613	0.721263	0.862572	15980.000000	18526.000000	5346.000000	7412.000000
0.773014	0.654954	0.942995	17783.000000	18858.000000	5685.000000	8680.000000
0.684335	0.574849	0.845338	7969.000000	9427.000000	2281.000000	3968.000000
0.678067	0.552759	0.876845	10751.000000	12261.000000	4238.000000	7667.000000
0.767261	0.683149	0.874994	18717.000000	21391.000000	6673.000000	9768.000000
0.390335	0.250886	0.878788	4756.000000	5412.000000	1203.000000	4795.000000
0.838565	0.755578	0.942031	15828.000000	16802.000000	3691.000000	4885.000000
0.756478	0.641381	0.921917	14487.000000	15714.000000	4532.000000	7066.000000
0.844310	0.804032	0.888836	18534.000000	20852.000000	7139.000000	8879.000000
0.787665	0.738355	0.844033	14265.000000	16901.000000	3186.000000	4315.000000
0.816356	0.741216	0.908449	15043.000000	16559.000000	4219.000000	5692.000000
0.861614	0.788549	0.949603	14226.000000	14981.000000	4531.000000	5746.000000
0.575831	0.428571	0.877266	11372.000000	12963.000000	4029.000000	9401.000000
0.709262	0.610021	0.847067	18616.000000	21977.000000	6282.000000	10298.000000
0.671405	0.571648	0.813340	9499.000000	11679.000000	2238.000000	3915.000000
0.651424	0.557774	0.782868	8545.000000	10915.000000	3659.000000	6560.000000
0.806353	0.800995	0.811782	7000.000000	8623.000000	1610.000000	2010.000000
0.884151	0.864699	0.904498	16830.000000	18607.000000	2959.000000	3422.000000
0.780558	0.673303	0.928458	12290.000000	13237.000000	3213.000000	4772.000000
0.579211	0.456156	0.793186	5937.000000	7485.000000	2112.000000	4630.000000
0.834177	0.849190	0.819685	15315.000000	18684.000000	4088.000000	4814.000000
0.592919	0.439516	0.910819	25441.000000	27932.000000	4251.000000	9672.000000
0.728421	0.618269	0.886332	15486.000000	17472.000000	5029.000000	8134.000000
0.884332	0.904783	0.864785	12900.000000	14917.000000	4067.000000	4495.000000
0.568018	0.441893	0.794897	7290.000000	9171.000000	2194.000000	4965.000000
0.820425	0.805286	0.836144	16906.000000	20219.000000	3656.000000	4540.000000
0.802109	0.788551	0.816141	14431.000000	17682.000000	3375.000000	4280.000000
0.706851	0.554296	0.975269	5797.000000	5944.000000	1613.000000	2910.000000
0.734998	0.611958	0.919966	8782.000000	9546.000000	2528.000000	4131.000000
0.761829	0.713220	0.817550	12578.000000	15385.000000	3345.000000	4690.000000
0.780754	0.716207	0.858088	15431.000000	17983.000000	4101.000000	5726.000000
0.720550	0.642873	0.819578	11311.000000	13801.000000	2981.000000	4637.000000
0.811918	0.823584	0.800578	8860.000000	11067.000000	3548.000000	4308.000000
0.729933	0.668823	0.803332	7426.000000	9244.000000	2171.000000	3246.000000
0.546448	0.398872	0.867354	11940.000000	13766.000000	4102.000000	10284.000000
0.683688	0.527626	0.970850	15620.000000	16089.000000	3562.000000	6751.000000
0.434735	0.284733	0.918739	8163.000000	8885.000000	2322.000000	8155.000000
0.835570	0.776521	0.904339	12819.000000	14175.000000	3777.000000	4864.000000
0.622419	0.477535	0.893512	6486.000000	7259.000000	2774.000000	5809.000000
0.834843	0.756006	0.932036	13796.000000	14802.000000	3839.000000	5078.000000
0.607171	0.457175	0.903656	8751.000000	9684.000000	2466.000000	5394.000000
0.719935	0.699701	0.741374	5286.000000	7130.000000	1871.000000	2674.000000
0.712091	0.570661	0.946721	10537.000000	11130.000000	5205.000000	9121.000000
0.724616	0.720278	0.729006	9063.000000	12432.000000	2696.000000	3743.000000
0.712503	0.775607	0.658895	11248.000000	17071.000000	3097.000000	3993.000000
0.761566	0.657991	0.903842	13714.000000	15173.000000	3792.000000	5763.000000
0.905862	0.893705	0.918354	14060.000000	15310.000000	2825.000000	3161.000000
0.597698	0.460023	0.852975	12746.000000	14943.000000	3245.000000	7054.000000
0.758514	0.712673	0.810658	10725.000000	13230.000000	3031.000000	4253.000000
0.773150	0.769477	0.776859	13898.000000	17890.000000	3852.000000	5006.000000
0.855795	0.774126	0.956727	8291.000000	8666.000000	1861.000000	2404.000000
0.804273	0.824608	0.784917	15404.000000	19625.000000	4946.000000	5998.000000
0.907458	0.936177	0.880448	19089.000000	21681.000000	3139.000000	3353.000000
0.878660	0.866608	0.891052	12955.000000	14539.000000	2930.000000	3381.000000
0.839827	0.845991	0.833751	11635.000000	13955.000000	3598.000000	4253.000000
0.835991	0.868107	0.806166	7923.000000	9828.000000	3416.000000	3935.000000
0.750962	0.684551	0.831642	10981.000000	13204.000000	5601.000000	8182.000000
0.788744	0.809212	0.769287	17919.000000	23293.000000	4076.000000	5037.000000
0.774364	0.698895	0.868106	17817.000000	20524.000000	4236.000000	6061.000000
0.606870	0.451913	0.923544	9132.000000	9888.000000	2669.000000	5906.000000
0.803529	0.736669	0.883737	9950.000000	11259.000000	3357.000000	4557.000000
0.872352	0.835595	0.912491	13347.000000	14627.000000	3817.000000	4568.000000
0.859494	0.799058	0.929821	12706.000000	13665.000000	3392.000000	4245.000000
0.870929	0.847913	0.895229	19610.000000	21905.000000	6785.000000	8002.000000
0.558434	0.393108	0.963749	16616.000000	17241.000000	4472.000000	11376.000000
0.797727	0.711519	0.907704	17437.000000	19210.000000	5695.000000	8004.000000
0.837182	0.803493	0.873819	13137.000000	15034.000000	3496.000000	4351.000000
0.750681	0.787064	0.717514	14290.000000	19916.000000	2957.000000	3757.000000
0.907251	0.880853	0.935280	17746.000000	18974.000000	3386.000000	3844.000000
0.785448	0.748735	0.825948	19684.000000	23832.000000	5325.000000	7112.000000
0.660010	0.533861	0.864222	14232.000000	16468.000000	4517.000000	8461.000000
0.733917	0.612187	0.916073	10806.000000	11796.000000	4330.000000	7073.000000
0.881834	0.885728	0.877974	12915.000000	14710.000000	3581.000000	4043.000000
0.843385	0.774232	0.926103	24062.000000	25982.000000	7788.000000	10059.000000
0.809240	0.699725	0.959396	18312.000000	19087.000000	4579.000000	6544.000000
0.818302	0.750485	0.899594	15939.000000	17718.000000	3480.000000	4637.000000
0.803028	0.767414	0.842109	11435.000000	13579.000000	3834.000000	4996.000000
0.700465	0.706463	0.694567	12414.000000	17873.000000	3148.000000	4456.000000
0.798713	0.725387	0.888531	10195.000000	11474.000000	2483.000000	3423.000000
0.758319	0.676916	0.861979	13802.000000	16012.000000	4161.000000	6147.000000
0.841662	0.769039	0.929431	26631.000000	28653.000000	7109.000000	9244.000000
0.907632	0.979987	0.845226	8623.000000	10202.000000	1469.000000	1499.000000
0.496763	0.337036	0.944270	8726.000000	9241.000000	2306.000000	6842.000000
0.589425	0.506639	0.704550	7030.000000	9978.000000	2480.000000	4895.000000
0.563598	0.421912	0.848560	13375.000000	15762.000000	3539.000000	8388.000000
0.354104	0.217104	0.959705	7812.000000	8140.000000	1612.000000	7425.000000
0.529817	0.380815	0.870368	8104.000000	9311.000000	2374.000000	6234.000000
0.780389	0.712853	0.862061	14224.000000	16500.000000	4620.000000	6481.000000
0.775984	0.712972	0.851215	14154.000000	16628.000000	4419.000000	6198.000000
0.852584	0.904934	0.805960	3705.000000	4597.000000	752.000000	831.000000
0.707147	0.781099	0.645987	13609.000000	21067.000000	4521.000000	5788.000000
0.753446	0.622461	0.954248	18500.000000	19387.000000	5731.000000	9207.000000
0.744544	0.925182	0.622921	5881.000000	9441.000000	1014.000000	1096.000000
0.558128	0.459286	0.711180	1145.000000	1610.000000	502.000000	1093.000000
0.803377	0.725000	0.900753	18542.000000	20585.000000	6003.000000	8280.000000
0.849531	0.984004	0.747394	15270.000000	20431.000000	3814.000000	3876.000000
0.737599	0.706483	0.771582	11056.000000	14329.000000	2768.000000	3918.000000
0.757768	0.664513	0.881470	16212.000000	18392.000000	2880.000000	4334.000000
0.758506	0.746142	0.771287	5598.000000	7258.000000	1499.000000	2009.000000
0.768574	0.707132	0.841710	16128.000000	19161.000000	5027.000000	7109.000000
0.833298	0.812906	0.854740	19053.000000	22291.000000	5253.000000	6462.000000
0.740755	0.806122	0.685193	6608.000000	9644.000000	1817.000000	2254.000000
0.783515	0.666667	0.950030	9525.000000	10026.000000	2142.000000	3213.000000
0.605365	0.517996	0.728187	7962.000000	10934.000000	2202.000000	4251.000000
0.691527	0.593245	0.828841	9564.000000	11539.000000	2494.000000	4204.000000
0.750736	0.677203	0.842183	9675.000000	11488.000000	3128.000000	4619.000000
0.787033	0.687231	0.920747	13070.000000	14195.000000	4311.000000	6273.000000
0.829456	0.728560	0.962790	18759.000000	19484.000000	5250.000000	7206.000000
0.738088	0.595039	0.971683	11564.000000	11901.000000	2351.000000	3951.000000
0.831225	0.813452	0.849792	15326.000000	18035.000000	5660.000000	6958.000000
0.755598	0.716353	0.799392	12090.000000	15124.000000	4109.000000	5736.000000
0.762963	0.653059	0.917342	22174.000000	24172.000000	7087.000000	10852.000000
0.645164	0.514574	0.864579	8587.000000	9932.000000	2807.000000	5455.000000
0.760779	0.637587	0.942978	11609.000000	12311.000000	2463.000000	3863.000000
0.859916	0.894938	0.827532	18804.000000	22723.000000	4915.000000	5492.000000
0.678802	0.524148	0.962919	11400.000000	11839.000000	3462.000000	6605.000000
0.868639	0.856049	0.881606	22972.000000	26057.000000	6149.000000	7183.000000
0.720711	0.681054	0.765273	10247.000000	13390.000000	3361.000000	4935.000000
0.749637	0.724322	0.776785	15820.000000	20366.000000	6382.000000	8811.000000
0.815066	0.739409	0.907970	15312.000000	16864.000000	4032.000000	5453.000000
0.833336	0.756511	0.927527	21130.000000	22781.000000	5403.000000	7142.000000
0.913825	0.873114	0.958517	24354.000000	25408.000000	5498.000000	6297.000000
0.740473	0.622542	0.913528	20664.000000	22620.000000	6838.000000	10984.000000
0.750722	0.695144	0.815959	13549.000000	16605.000000	4280.000000	6157.000000
0.800434	0.795492	0.805438	9687.000000	12027.000000	2435.000000	3061.000000
0.833738	0.776761	0.899735	27450.000000	30509.000000	7387.000000	9510.000000
0.680819	0.567389	0.850932	11685.000000	13732.000000	3271.000000	5765.000000
0.831440	0.760970	0.916295	13552.000000	14790.000000	3954.000000	5196.000000
0.855079	0.949379	0.777821	20172.000000	25934.000000	6189.000000	6519.000000
0.811062	0.770069	0.856664	9449.000000	11030.000000	2120.000000	2753.000000
0.727706	0.597162	0.931292	10735.000000	11527.000000	3325.000000	5568.000000
0.762589	0.710958	0.822307	10167.000000	12364.000000	2472.000000	3477.000000
0.766911	0.643000	0.949980	11965.000000	12595.000000	2255.000000	3507.000000
0.448230	0.297151	0.911826	6970.000000	7644.000000	1752.000000	5896.000000
0.721976	0.634625	0.837211	13315.000000	15904.000000	6404.000000	10091.000000
0.719807	0.707119	0.732959	9796.000000	13365.000000	2960.000000	4186.000000
0.812979	0.763496	0.869321	11289.000000	12986.000000	3154.000000	4131.000000
0.742352	0.761314	0.724311	9826.000000	13566.000000	2271.000000	2983.000000
0.653107	0.512990	0.898529	12645.000000	14073.000000	3870.000000	7544.000000
0.902339	0.980843	0.835470	12055.000000	14429.000000	2304.000000	2349.000000
0.829799	0.789570	0.874348	16589.000000	18973.000000	4315.000000	5465.000000
0.835590	0.768073	0.916120	19266.000000	21030.000000	7862.000000	10236.000000
0.739788	0.623836	0.908684	16041.000000	17653.000000	4554.000000	7300.000000
0.693787	0.724977	0.665171	3113.000000	4680.000000	775.000000	1069.000000
0.431699	0.284720	0.892357	6748.000000	7562.000000	1554.000000	5458.000000
0.582558	0.431451	0.896563	16824.000000	18765.000000	4859.000000	11262.000000
0.754618	0.694358	0.826332	15107.000000	18282.000000	4455.000000	6416.000000
0.801936	0.677666	0.982018	36372.000000	37038.000000	6469.000000	9546.000000
0.909619	0.923223	0.896410	22170.000000	24732.000000	5820.000000	6304.000000
0.730727	0.689335	0.777407	14892.000000	19156.000000	3568.000000	5176.000000
0.678411	0.570261	0.837183	10222.000000	12210.000000	3141.000000	5508.000000
0.755286	0.722335	0.791387	6358.000000	8034.000000	2128.000000	2946.000000
0.771912	0.772518	0.771307	15258.000000	19782.000000	5043.000000	6528.000000
0.867238	0.816692	0.924454	15333.000000	16586.000000	3787.000000	4637.000000
0.823886	0.832701	0.815257	10110.000000	12401.000000	2852.000000	3425.000000
0.784066	0.710207	0.875070	15676.000000	17914.000000	4154.000000	5849.000000
0.704750	0.582420	0.892130	22173.000000	24854.000000	6003.000000	10307.000000
0.730717	0.869118	0.630340	2302.000000	3652.000000	591.000000	680.000000
0.872701	0.852125	0.894295	16743.000000	18722.000000	5313.000000	6235.000000
0.697896	0.609921	0.815529	17383.000000	21315.000000	6947.000000	11390.000000
0.473483	0.356369	0.705249	8585.000000	12173.000000	3785.000000	10621.000000
0.866798	0.781115	0.973594	11946.000000	12270.000000	3251.000000	4162.000000
0.626170	0.481894	0.893755	8673.000000	9704.000000	2768.000000	5744.000000
0.679196	0.532562	0.937261	7828.000000	8352.000000	1840.000000	3455.000000
0.517470	0.370538	0.857498	10699.000000	12477.000000	3187.000000	8601.000000
0.781643	0.695262	0.892534	12325.000000	13809.000000	3258.000000	4686.000000
