0.385914	0.943678	0.242552	4299.000000	17724.000000	821.000000	870.000000
0.370184	1.000000	0.227132	3598.000000	15841.000000	963.000000	963.000000
0.000000	1.000000	0.000000	0.000000	22202.000000	0.000000	0.000000
0.601398	0.866447	0.460523	5687.000000	12349.000000	1051.000000	1213.000000
0.000000	1.000000	0.000000	0.000000	25076.000000	0.000000	0.000000
0.000000	1.000000	0.000000	0.000000	8081.000000	0.000000	0.000000
0.000000	1.000000	0.000000	0.000000	8021.000000	0.000000	0.000000
0.448012	1.000000	0.288670	2581.000000	8941.000000	834.000000	834.000000
0.505304	1.000000	0.338065	4406.000000	13033.000000	826.000000	826.000000
0.292937	1.000000	0.171603	1576.000000	9184.000000	324.000000	324.000000
0.000000	1.000000	0.000000	0.000000	11584.000000	0.000000	0.000000
0.331128	0.993994	0.198652	1533.000000	7717.000000	331.000000	333.000000
0.551145	0.856698	0.406250	4706.000000	11584.000000	1100.000000	1284.000000
0.163426	1.000000	0.088984	1614.000000	18138.000000	326.000000	326.000000
0.582580	1.000000	0.411014	7023.000000	17087.000000	1174.000000	1174.000000
0.858776	0.990196	0.758153	11903.000000	15700.000000	2020.000000	2040.000000
0.280739	1.000000	0.163290	2660.000000	16290.000000	444.000000	444.000000
0.426868	0.988304	0.272224	5748.000000	21115.000000	1014.000000	1026.000000
0.748974	0.901684	0.640498	8028.000000	12534.000000	1981.000000	2197.000000
0.752117	1.000000	0.602714	7505.000000	12452.000000	1560.000000	1560.000000
0.147967	0.968750	0.080101	636.000000	7940.000000	310.000000	320.000000
0.630745	0.841176	0.504530	5068.000000	10045.000000	1430.000000	1700.000000
0.000000	1.000000	0.000000	0.000000	16502.000000	0.000000	0.000000
0.456247	1.000000	0.295544	6056.000000	20491.000000	1288.000000	1288.000000
0.000000	1.000000	0.000000	0.000000	6444.000000	0.000000	0.000000
0.000000	1.000000	0.000000	0.000000	5634.000000	0.000000	0.000000
0.000000	1.000000	0.000000	0.000000	10218.000000	0.000000	0.000000
0.416576	0.969040	0.265316	2291.000000	8635.000000	626.000000	646.000000
0.883742	1.000000	0.791701	2900.000000	3663.000000	581.000000	581.000000
0.202474	0.925676	0.113668	1047.000000	9211.000000	274.000000	296.000000
0.690916	0.979951	0.533547	7666.000000	14368.000000	1613.000000	1646.000000
0.000000	1.000000	0.000000	0.000000	14282.000000	0.000000	0.000000
0.495536	1.000000	0.329377	5051.000000	15335.000000	1117.000000	1117.000000
0.318760	0.874502	0.194901	2989.000000	15336.000000	439.000000	502.000000
0.354342	1.000000	0.215319	3989.000000	18526.000000	1141.000000	1141.000000
0.224545	1.000000	0.126472	2385.000000	18858.000000	619.000000	619.000000
0.457119	1.000000	0.296277	2793.000000	9427.000000	620.000000	620.000000
0.237617	0.867102	0.137672	1688.000000	12261.000000	398.000000	459.000000
0.000000	1.000000	0.000000	0.000000	21391.000000	0.000000	0.000000
0.378321	0.555740	0.286770	1552.000000	5412.000000	334.000000	601.000000
0.465814	0.982014	0.305321	5130.000000	16802.000000	1092.000000	1112.000000
0.391945	0.884517	0.251750	3956.000000	15714.000000	1034.000000	1169.000000
0.335656	0.999192	0.201707	4206.000000	20852.000000	1236.000000	1237.000000
0.000000	1.000000	0.000000	0.000000	16901.000000	0.000000	0.000000
0.314786	0.906326	0.190470	3154.000000	16559.000000	745.000000	822.000000
0.619135	1.000000	0.448368	6717.000000	14981.000000	1445.000000	1445.000000
0.180810	0.995327	0.099437	1289.000000	12963.000000	426.000000	428.000000
0.000000	1.000000	0.000000	0.000000	21977.000000	0.000000	0.000000
0.503431	0.870327	0.354140	4136.000000	11679.000000	745.000000	856.000000
0.000000	1.000000	0.000000	0.000000	10915.000000	0.000000	0.000000
0.415489	0.638665	0.307897	2655.000000	8623.000000	555.000000	869.000000
0.698902	1.000000	0.537163	9995.000000	18607.000000	1669.000000	1669.000000
0.511610	1.000000	0.343733	4550.000000	13237.000000	930.000000	930.000000
0.000000	1.000000	0.000000	0.000000	7485.000000	0.000000	0.000000
0.706081	0.968000	0.555716	10383.000000	18684.000000	2299.000000	2375.000000
0.313273	0.940000	0.187956	5250.000000	27932.000000	705.000000	750.000000
0.183388	0.966518	0.101305	1770.000000	17472.000000	433.000000	448.000000
0.385082	1.000000	0.238453	3557.000000	14917.000000	762.000000	762.000000
0.400035	1.000000	0.250027	2293.000000	9171.000000	495.000000	495.000000
0.182235	1.000000	0.100252	2027.000000	20219.000000	322.000000	322.000000
0.416939	1.000000	0.263375	4657.000000	17682.000000	789.000000	789.000000
0.879442	1.000000	0.784825	4665.000000	5944.000000	1068.000000	1068.000000
0.576817	1.000000	0.405301	3869.000000	9546.000000	932.000000	932.000000
0.498172	0.980645	0.333897	5137.000000	15385.000000	1216.000000	1240.000000
0.577225	0.992899	0.406884	7317.000000	17983.000000	1538.000000	1549.000000
0.555839	0.995544	0.385552	5321.000000	13801.000000	1117.000000	1122.000000
0.641642	0.967487	0.479986	5312.000000	11067.000000	1101.000000	1138.000000
0.634099	0.965398	0.472090	4364.000000	9244.000000	837.000000	867.000000
0.000000	1.000000	0.000000	0.000000	13766.000000	0.000000	0.000000
0.784631	0.990156	0.649761	10454.000000	16089.000000	1710.000000	1727.000000
0.000000	1.000000	0.000000	0.000000	8885.000000	0.000000	0.000000
0.460661	1.000000	0.299259	4242.000000	14175.000000	744.000000	744.000000
0.395513	0.891026	0.254167	1845.000000	7259.000000	695.000000	780.000000
0.515939	0.996090	0.348129	5153.000000	14802.000000	1019.000000	1023.000000
0.556537	0.940546	0.395188	3827.000000	9684.000000	965.000000	1026.000000
0.000000	1.000000	0.000000	0.000000	7130.000000	0.000000	0.000000
0.274869	0.881988	0.162803	1812.000000	11130.000000	568.000000	644.000000
0.626706	0.976632	0.461390	5736.000000	12432.000000	1212.000000	1241.000000
0.365640	0.968645	0.225353	3847.000000	17071.000000	865.000000	893.000000
0.541582	0.958732	0.377381	5726.000000	15173.000000	1301.000000	1357.000000
0.663232	1.000000	0.496146	7596.000000	15310.000000	1400.000000	1400.000000
0.000000	1.000000	0.000000	0.000000	14943.000000	0.000000	0.000000
0.215899	1.000000	0.121013	1601.000000	13230.000000	321.000000	321.000000
0.000000	1.000000	0.000000	0.000000	17890.000000	0.000000	0.000000
0.768987	0.991964	0.627856	5441.000000	8666.000000	1111.000000	1120.000000
0.000000	1.000000	0.000000	0.000000	19625.000000	0.000000	0.000000
0.639880	1.000000	0.470458	10200.000000	21681.000000	1466.000000	1466.000000
0.408485	0.987306	0.257514	3744.000000	14539.000000	700.000000	709.000000
0.692801	1.000000	0.529989	7396.000000	13955.000000	1594.000000	1594.000000
0.418665	1.000000	0.264754	2602.000000	9828.000000	521.000000	521.000000
0.244294	0.611996	0.152605	2015.000000	13204.000000	653.000000	1067.000000
0.550601	0.927114	0.391577	9121.000000	23293.000000	1590.000000	1715.000000
0.467157	1.000000	0.304765	6255.000000	20524.000000	1060.000000	1060.000000
0.556932	0.616311	0.507989	5023.000000	9888.000000	1126.000000	1827.000000
0.476867	1.000000	0.313083	3525.000000	11259.000000	709.000000	709.000000
0.299285	1.000000	0.175976	2574.000000	14627.000000	518.000000	518.000000
0.611001	0.984484	0.442956	6053.000000	13665.000000	1269.000000	1289.000000
0.469774	0.994118	0.307555	6737.000000	21905.000000	1690.000000	1700.000000
0.359370	0.958165	0.221159	3813.000000	17241.000000	710.000000	741.000000
0.364619	1.000000	0.222957	4283.000000	19210.000000	866.000000	866.000000
0.533273	0.932836	0.373354	5613.000000	15034.000000	1250.000000	1340.000000
0.000000	1.000000	0.000000	0.000000	19916.000000	0.000000	0.000000
0.000000	1.000000	0.000000	0.000000	18974.000000	0.000000	0.000000
0.424493	0.990358	0.270141	6438.000000	23832.000000	1438.000000	1452.000000
0.000000	1.000000	0.000000	0.000000	16468.000000	0.000000	0.000000
0.491048	0.899218	0.337742	3984.000000	11796.000000	1035.000000	1151.000000
0.636151	0.994208	0.467709	6880.000000	14710.000000	1545.000000	1554.000000
0.487393	0.992632	0.322993	8392.000000	25982.000000	1886.000000	1900.000000
0.298630	0.877958	0.179913	3434.000000	19087.000000	705.000000	803.000000
0.624232	0.941839	0.466813	8271.000000	17718.000000	1506.000000	1599.000000
0.000000	1.000000	0.000000	0.000000	13579.000000	0.000000	0.000000
0.517628	0.999107	0.349298	6243.000000	17873.000000	1119.000000	1120.000000
0.794431	1.000000	0.658968	7561.000000	11474.000000	1552.000000	1552.000000
0.000000	1.000000	0.000000	0.000000	16012.000000	0.000000	0.000000
0.609570	0.999199	0.438558	12566.000000	28653.000000	2496.000000	2498.000000
0.716003	1.000000	0.557636	5689.000000	10202.000000	949.000000	949.000000
0.675790	1.000000	0.510334	4716.000000	9241.000000	1030.000000	1030.000000
0.250548	1.000000	0.143215	1429.000000	9978.000000	358.000000	358.000000
0.047203	1.000000	0.024172	381.000000	15762.000000	83.000000	83.000000
0.957746	1.000000	0.918919	7480.000000	8140.000000	1304.000000	1304.000000
0.107062	0.533632	0.059500	554.000000	9311.000000	119.000000	223.000000
0.318153	0.979010	0.189939	3134.000000	16500.000000	653.000000	667.000000
0.379258	0.927039	0.238393	3964.000000	16628.000000	864.000000	932.000000
0.685257	1.000000	0.521209	2396.000000	4597.000000	481.000000	481.000000
0.056101	1.000000	0.028860	608.000000	21067.000000	135.000000	135.000000
0.421823	0.975410	0.269098	5217.000000	19387.000000	1190.000000	1220.000000
0.587453	0.988166	0.417964	3946.000000	9441.000000	668.000000	676.000000
0.000000	1.000000	0.000000	0.000000	1610.000000	0.000000	0.000000
0.197067	0.953757	0.109886	2262.000000	20585.000000	495.000000	519.000000
0.611458	1.000000	0.440360	8997.000000	20431.000000	1967.000000	1967.000000
0.140057	1.000000	0.075302	1079.000000	14329.000000	216.000000	216.000000
0.000000	1.000000	0.000000	0.000000	18392.000000	0.000000	0.000000
0.562386	0.998459	0.391430	2841.000000	7258.000000	648.000000	649.000000
0.521682	0.948422	0.359793	6894.000000	19161.000000	1563.000000	1648.000000
0.471342	0.974083	0.310888	6930.000000	22291.000000	1541.000000	1582.000000
0.272256	0.978395	0.158129	1525.000000	9644.000000	317.000000	324.000000
0.708156	1.000000	0.548175	5496.000000	10026.000000	1103.000000	1103.000000
0.301383	1.000000	0.177428	1940.000000	10934.000000	413.000000	413.000000
0.000000	1.000000	0.000000	0.000000	11539.000000	0.000000	0.000000
0.000000	1.000000	0.000000	0.000000	11488.000000	0.000000	0.000000
0.633907	0.895735	0.490525	6963.000000	14195.000000	1701.000000	1899.000000
0.523809	0.952218	0.361271	7039.000000	19484.000000	1674.000000	1758.000000
0.268568	1.000000	0.155113	1846.000000	11901.000000	321.000000	321.000000
0.206722	1.000000	0.115276	2079.000000	18035.000000	482.000000	482.000000
0.464347	0.993658	0.302962	4582.000000	15124.000000	940.000000	946.000000
0.000000	1.000000	0.000000	0.000000	24172.000000	0.000000	0.000000
0.457842	0.922572	0.304470	3024.000000	9932.000000	703.000000	762.000000
0.724349	0.971024	0.577614	7111.000000	12311.000000	1441.000000	1484.000000
0.000000	1.000000	0.000000	0.000000	22723.000000	0.000000	0.000000
0.298564	0.993151	0.175691	2080.000000	11839.000000	725.000000	730.000000
0.355034	0.998274	0.215911	5626.000000	26057.000000	1157.000000	1159.000000
0.433552	1.000000	0.276774	3706.000000	13390.000000	780.000000	780.000000
0.000000	1.000000	0.000000	0.000000	20366.000000	0.000000	0.000000
0.485843	0.982616	0.322699	5442.000000	16864.000000	1187.000000	1208.000000
0.570452	0.999339	0.399148	9093.000000	22781.000000	1513.000000	1514.000000
0.111311	0.993631	0.058958	1498.000000	25408.000000	312.000000	314.000000
0.519260	0.826000	0.378647	8565.000000	22620.000000	2065.000000	2500.000000
0.252105	1.000000	0.144234	2395.000000	16605.000000	481.000000	481.000000
0.698766	0.914268	0.565478	6801.000000	12027.000000	1493.000000	1633.000000
0.122292	1.000000	0.065128	1987.000000	30509.000000	408.000000	408.000000
0.416494	0.800000	0.281532	3866.000000	13732.000000	676.000000	845.000000
0.687550	1.000000	0.523867	7748.000000	14790.000000	2035.000000	2035.000000
0.480343	0.999377	0.316149	8199.000000	25934.000000	1603.000000	1604.000000
0.676458	0.882979	0.548232	6047.000000	11030.000000	1245.000000	1410.000000
0.175963	1.000000	0.096469	1112.000000	11527.000000	279.000000	279.000000
0.566659	1.000000	0.395341	4888.000000	12364.000000	829.000000	829.000000
0.709322	0.996307	0.550695	6936.000000	12595.000000	1079.000000	1083.000000
0.000000	1.000000	0.000000	0.000000	7644.000000	0.000000	0.000000
0.000000	1.000000	0.000000	0.000000	15904.000000	0.000000	0.000000
0.000000	1.000000	0.000000	0.000000	13365.000000	0.000000	0.000000
0.696977	0.989961	0.537810	6984.000000	12986.000000	1775.000000	1793.000000
0.415925	0.765786	0.285493	3873.000000	13566.000000	667.000000	871.000000
0.000000	1.000000	0.000000	0.000000	14073.000000	0.000000	0.000000
0.731516	1.000000	0.576686	8321.000000	14429.000000	1501.000000	1501.000000
0.531331	1.000000	0.361777	6864.000000	18973.000000	1224.000000	1224.000000
0.080153	1.000000	0.041750	878.000000	21030.000000	294.000000	294.000000
0.468419	1.000000	0.305840	5399.000000	17653.000000	1154.000000	1154.000000
0.518519	1.000000	0.350000	1638.000000	4680.000000	328.000000	328.000000
0.538462	1.000000	0.368421	2786.000000	7562.000000	559.000000	559.000000
0.407233	0.880049	0.264908	4971.000000	18765.000000	719.000000	817.000000
0.345802	0.998447	0.209113	3823.000000	18282.000000	643.000000	644.000000
0.465953	0.944351	0.309277	11455.000000	37038.000000	1680.000000	1779.000000
0.623089	0.995080	0.453542	11217.000000	24732.000000	2427.000000	2439.000000
0.000000	1.000000	0.000000	0.000000	19156.000000	0.000000	0.000000
0.373735	1.000000	0.229812	2806.000000	12210.000000	475.000000	475.000000
0.685644	1.000000	0.521658	4191.000000	8034.000000	965.000000	965.000000
0.399124	0.943303	0.253109	5007.000000	19782.000000	1148.000000	1217.000000
0.520098	1.000000	0.351441	5829.000000	16586.000000	974.000000	974.000000
0.476442	1.000000	0.312717	3878.000000	12401.000000	781.000000	781.000000
0.619857	0.998791	0.449369	8050.000000	17914.000000	1652.000000	1654.000000
0.211734	0.777454	0.122556	3046.000000	24854.000000	800.000000	1029.000000
0.730843	1.000000	0.575849	2103.000000	3652.000000	422.000000	422.000000
0.490040	1.000000	0.324538	6076.000000	18722.000000	1436.000000	1436.000000
0.000000	1.000000	0.000000	0.000000	21315.000000	0.000000	0.000000
0.000000	1.000000	0.000000	0.000000	12173.000000	0.000000	0.000000
0.659182	0.967365	0.499919	6134.000000	12270.000000	1571.000000	1624.000000
0.484640	0.998510	0.319971	3105.000000	9704.000000	670.000000	671.000000
0.000000	1.000000	0.000000	0.000000	8352.000000	0.000000	0.000000
0.513184	0.993671	0.345916	4316.000000	12477.000000	942.000000	948.000000
0.676919	1.000000	0.511623	7065.000000	13809.000000	1581.000000	1581.000000
