0.783187	0.790323	0.776179	13757.000000	17724.000000	3185.000000	4030.000000
0.703015	0.865798	0.591756	9374.000000	15841.000000	3058.000000	3532.000000
0.802664	0.773693	0.833889	18514.000000	22202.000000	6376.000000	8241.000000
0.766107	0.661704	0.909628	11233.000000	12349.000000	2889.000000	4366.000000
0.726771	0.836103	0.642726	16117.000000	25076.000000	2918.000000	3490.000000
0.879111	0.891989	0.866601	7003.000000	8081.000000	1247.000000	1398.000000
0.755185	0.751035	0.759382	6091.000000	8021.000000	1451.000000	1932.000000
0.643942	0.505356	0.887261	7933.000000	8941.000000	2359.000000	4668.000000
0.910605	0.987978	0.844472	11006.000000	13033.000000	2301.000000	2329.000000
0.556640	0.451839	0.724739	6656.000000	9184.000000	2322.000000	5139.000000
0.609353	0.581277	0.640280	7417.000000	11584.000000	2049.000000	3525.000000
0.550164	0.414045	0.819619	6325.000000	7717.000000	1645.000000	3973.000000
0.641485	0.531236	0.809479	9377.000000	11584.000000	2313.000000	4354.000000
0.871780	0.936224	0.815636	14794.000000	18138.000000	4448.000000	4751.000000
0.853401	0.821661	0.887692	15168.000000	17087.000000	3027.000000	3684.000000
0.892361	0.837752	0.954586	14987.000000	15700.000000	2907.000000	3470.000000
0.788656	0.760560	0.818907	13340.000000	16290.000000	2827.000000	3717.000000
0.836901	0.789832	0.889936	18791.000000	21115.000000	5686.000000	7199.000000
0.799545	0.739219	0.870592	10912.000000	12534.000000	3617.000000	4893.000000
0.811253	0.723998	0.922422	11486.000000	12452.000000	4643.000000	6413.000000
0.615527	0.491312	0.823804	6541.000000	7940.000000	2460.000000	5007.000000
0.662889	0.526697	0.894077	8981.000000	10045.000000	3561.000000	6761.000000
0.793485	0.712203	0.895710	14781.000000	16502.000000	5912.000000	8301.000000
0.816362	0.846218	0.788541	16158.000000	20491.000000	5035.000000	5950.000000
0.807945	0.876016	0.749690	4831.000000	6444.000000	1293.000000	1476.000000
0.796484	0.805447	0.787717	4438.000000	5634.000000	1035.000000	1285.000000
0.802556	0.842538	0.766197	7829.000000	10218.000000	1846.000000	2191.000000
0.779252	0.722032	0.846323	7308.000000	8635.000000	3369.000000	4666.000000
0.943772	1.000000	0.893530	3273.000000	3663.000000	664.000000	664.000000
0.625102	0.553521	0.717946	6613.000000	9211.000000	2539.000000	4587.000000
0.805648	0.715719	0.921423	13239.000000	14368.000000	4280.000000	5980.000000
0.739123	0.690172	0.795547	11362.000000	14282.000000	3729.000000	5403.000000
0.727747	0.586482	0.958657	14701.000000	15335.000000	5727.000000	9765.000000
0.776299	0.685577	0.894692	13721.000000	15336.000000	2852.000000	4160.000000
0.810445	0.777030	0.846864	15689.000000	18526.000000	5081.000000	6539.000000
0.842441	0.768428	0.932230	17580.000000	18858.000000	5525.000000	7190.000000
0.730098	0.664606	0.809908	7635.000000	9427.000000	2150.000000	3235.000000
0.736785	0.660465	0.833048	10214.000000	12261.000000	3834.000000	5805.000000
0.780840	0.713777	0.861811	18435.000000	21391.000000	6409.000000	8979.000000
0.438542	0.294491	0.858463	4646.000000	5412.000000	1160.000000	3939.000000
0.837893	0.778722	0.906797	15236.000000	16802.000000	3484.000000	4474.000000
0.767848	0.658583	0.920580	14466.000000	15714.000000	4508.000000	6845.000000
0.856870	0.836953	0.877758	18303.000000	20852.000000	6899.000000	8243.000000
0.765067	0.768433	0.761730	12874.000000	16901.000000	2741.000000	3567.000000
0.822873	0.763232	0.892626	14781.000000	16559.000000	4081.000000	5347.000000
0.894214	0.864619	0.925906	13871.000000	14981.000000	4279.000000	4949.000000
0.605017	0.469268	0.851269	11035.000000	12963.000000	3764.000000	8021.000000
0.704773	0.650164	0.769395	16909.000000	21977.000000	5345.000000	8221.000000
0.717716	0.664932	0.779604	9105.000000	11679.000000	2044.000000	3074.000000
0.689788	0.658017	0.724782	7911.000000	10915.000000	3119.000000	4740.000000
0.798725	0.797270	0.800186	6900.000000	8623.000000	1577.000000	1978.000000
0.899752	0.918605	0.881657	16405.000000	18607.000000	2844.000000	3096.000000
0.788717	0.698890	0.905039	11980.000000	13237.000000	3022.000000	4324.000000
0.606833	0.507714	0.754041	5644.000000	7485.000000	1810.000000	3565.000000
0.842779	0.888162	0.801809	14981.000000	18684.000000	3939.000000	4435.000000
0.639359	0.498582	0.890914	24885.000000	27932.000000	4043.000000	8109.000000
0.737104	0.639047	0.870707	15213.000000	17472.000000	4828.000000	7555.000000
0.876702	0.912899	0.843266	12579.000000	14917.000000	3836.000000	4202.000000
0.623535	0.518028	0.783012	7181.000000	9171.000000	2112.000000	4077.000000
0.815356	0.848381	0.784806	15868.000000	20219.000000	3223.000000	3799.000000
0.813205	0.832151	0.795102	14059.000000	17682.000000	3168.000000	3807.000000
0.757663	0.621918	0.969213	5761.000000	5944.000000	1589.000000	2555.000000
0.804426	0.715176	0.919128	8774.000000	9546.000000	2526.000000	3532.000000
0.789063	0.766495	0.813000	12508.000000	15385.000000	3276.000000	4274.000000
0.790867	0.734268	0.856920	15410.000000	17983.000000	4084.000000	5562.000000
0.729033	0.678501	0.787697	10871.000000	13801.000000	2752.000000	4056.000000
0.798920	0.834831	0.765971	8477.000000	11067.000000	3159.000000	3784.000000
0.729509	0.712451	0.747404	6909.000000	9244.000000	1831.000000	2570.000000
0.551594	0.418077	0.810402	11156.000000	13766.000000	3779.000000	9039.000000
0.708143	0.563363	0.953074	15334.000000	16089.000000	3303.000000	5863.000000
0.495042	0.340228	0.908385	8071.000000	8885.000000	2237.000000	6575.000000
0.830674	0.797253	0.867019	12290.000000	14175.000000	3425.000000	4296.000000
0.639225	0.498641	0.890205	6462.000000	7259.000000	2752.000000	5519.000000
0.843300	0.789056	0.905553	13404.000000	14802.000000	3576.000000	4532.000000
0.656818	0.519012	0.894259	8660.000000	9684.000000	2416.000000	4655.000000
0.770929	0.820064	0.727349	5186.000000	7130.000000	1782.000000	2173.000000
0.740176	0.616522	0.925876	10305.000000	11130.000000	4963.000000	8050.000000
0.729849	0.767813	0.695463	8646.000000	12432.000000	2457.000000	3200.000000
0.703210	0.801037	0.626677	10698.000000	17071.000000	2782.000000	3473.000000
0.778943	0.691571	0.891584	13528.000000	15173.000000	3684.000000	5327.000000
0.912475	0.910394	0.914566	14002.000000	15310.000000	2794.000000	3069.000000
0.636043	0.541858	0.769859	11504.000000	14943.000000	2835.000000	5232.000000
0.765624	0.771862	0.759486	10048.000000	13230.000000	2798.000000	3625.000000
0.767757	0.821921	0.720291	12886.000000	17890.000000	3457.000000	4206.000000
0.879964	0.829567	0.936880	8119.000000	8666.000000	1762.000000	2124.000000
0.799871	0.873727	0.737529	14474.000000	19625.000000	4546.000000	5203.000000
0.904802	0.958865	0.856510	18570.000000	21681.000000	3007.000000	3136.000000
0.886323	0.891772	0.880941	12808.000000	14539.000000	2818.000000	3160.000000
0.833995	0.872541	0.798710	11146.000000	13955.000000	3327.000000	3813.000000
0.828609	0.898337	0.768926	7557.000000	9828.000000	3296.000000	3669.000000
0.746621	0.707283	0.790594	10439.000000	13204.000000	5050.000000	7140.000000
0.793559	0.822554	0.766539	17855.000000	23293.000000	3968.000000	4824.000000
0.804978	0.789353	0.821234	16855.000000	20524.000000	3796.000000	4809.000000
0.619045	0.474461	0.890372	8804.000000	9888.000000	2443.000000	5149.000000
0.815255	0.794193	0.837463	9429.000000	11259.000000	3091.000000	3892.000000
0.879162	0.872861	0.885554	12953.000000	14627.000000	3570.000000	4090.000000
0.865053	0.813827	0.923161	12615.000000	13665.000000	3296.000000	4050.000000
0.874520	0.874080	0.874960	19166.000000	21905.000000	6532.000000	7473.000000
0.574847	0.410511	0.958587	16527.000000	17241.000000	4335.000000	10560.000000
0.806342	0.762575	0.855440	16433.000000	19210.000000	5094.000000	6680.000000
0.838199	0.830013	0.846548	12727.000000	15034.000000	3291.000000	3965.000000
0.688009	0.780068	0.615385	12256.000000	19916.000000	2536.000000	3251.000000
0.919240	0.907563	0.931222	17669.000000	18974.000000	3348.000000	3689.000000
0.781976	0.781392	0.782561	18650.000000	23832.000000	4972.000000	6363.000000
0.697369	0.595811	0.840661	13844.000000	16468.000000	4182.000000	7019.000000
0.744790	0.645847	0.879535	10375.000000	11796.000000	4043.000000	6260.000000
0.863651	0.898337	0.831543	12232.000000	14710.000000	3296.000000	3669.000000
0.849801	0.801604	0.904164	23492.000000	25982.000000	7297.000000	9103.000000
0.814172	0.726300	0.926233	17679.000000	19087.000000	4275.000000	5886.000000
0.838892	0.787117	0.897957	15910.000000	17718.000000	3446.000000	4378.000000
0.787098	0.793308	0.780985	10605.000000	13579.000000	3343.000000	4214.000000
0.724125	0.827410	0.643764	11506.000000	17873.000000	2747.000000	3320.000000
0.853796	0.848245	0.859421	9861.000000	11474.000000	2247.000000	2649.000000
0.761155	0.712542	0.816887	13080.000000	16012.000000	3795.000000	5326.000000
0.857519	0.820162	0.898440	25743.000000	28653.000000	6663.000000	8124.000000
0.905502	0.979906	0.841600	8586.000000	10202.000000	1463.000000	1493.000000
0.558008	0.396072	0.943945	8723.000000	9241.000000	2279.000000	5754.000000
0.632239	0.605327	0.661656	6602.000000	9978.000000	2250.000000	3717.000000
0.599246	0.468837	0.830161	13085.000000	15762.000000	3385.000000	7220.000000
0.454246	0.297550	0.959582	7811.000000	8140.000000	1591.000000	5347.000000
0.544143	0.403085	0.837074	7794.000000	9311.000000	2221.000000	5510.000000
0.804017	0.775958	0.834182	13764.000000	16500.000000	4312.000000	5557.000000
0.781943	0.737922	0.831549	13827.000000	16628.000000	4170.000000	5651.000000
0.892423	1.000000	0.805743	3704.000000	4597.000000	752.000000	752.000000
0.697868	0.857966	0.588124	12390.000000	21067.000000	3872.000000	4513.000000
0.785571	0.679363	0.931139	18052.000000	19387.000000	5422.000000	7981.000000
0.743295	0.927189	0.620273	5856.000000	9441.000000	1006.000000	1085.000000
0.597920	0.523913	0.696273	1121.000000	1610.000000	482.000000	920.000000
0.807499	0.747854	0.877484	18063.000000	20585.000000	5662.000000	7571.000000
0.830504	0.985318	0.717733	14664.000000	20431.000000	3624.000000	3678.000000
0.739477	0.726870	0.752530	10783.000000	14329.000000	2624.000000	3610.000000
0.766513	0.681663	0.875489	16102.000000	18392.000000	2803.000000	4112.000000
0.766468	0.761978	0.771011	5596.000000	7258.000000	1495.000000	1962.000000
0.786063	0.767646	0.805386	15432.000000	19161.000000	4546.000000	5922.000000
0.831690	0.832013	0.831367	18532.000000	22291.000000	4938.000000	5935.000000
0.746822	0.824231	0.682704	6584.000000	9644.000000	1796.000000	2179.000000
0.793283	0.683938	0.944245	9467.000000	10026.000000	2112.000000	3088.000000
0.631892	0.592512	0.676879	7401.000000	10934.000000	1915.000000	3232.000000
0.703290	0.610771	0.828841	9564.000000	11539.000000	2495.000000	4085.000000
0.770071	0.724322	0.821988	9443.000000	11488.000000	2990.000000	4128.000000
0.806510	0.731851	0.898133	12749.000000	14195.000000	4113.000000	5620.000000
0.845958	0.759273	0.954989	18607.000000	19484.000000	5138.000000	6767.000000
0.775552	0.648870	0.963701	11469.000000	11901.000000	2297.000000	3540.000000
0.835168	0.842806	0.827668	14927.000000	18035.000000	5383.000000	6387.000000
0.774135	0.756347	0.792780	11990.000000	15124.000000	3992.000000	5278.000000
0.776851	0.682131	0.902118	21806.000000	24172.000000	6837.000000	10023.000000
0.680146	0.564135	0.856222	8504.000000	9932.000000	2674.000000	4740.000000
0.807792	0.711183	0.934774	11508.000000	12311.000000	2423.000000	3407.000000
0.831701	0.938073	0.746996	16974.000000	22723.000000	4090.000000	4360.000000
0.737020	0.608247	0.934961	11069.000000	11839.000000	3245.000000	5335.000000
0.847856	0.872016	0.824999	21497.000000	26057.000000	5553.000000	6368.000000
0.712314	0.690172	0.735922	9854.000000	13390.000000	3083.000000	4467.000000
0.748586	0.771553	0.726947	14805.000000	20366.000000	5647.000000	7319.000000
0.832786	0.787735	0.883302	14896.000000	16864.000000	3815.000000	4843.000000
0.849575	0.793166	0.914622	20836.000000	22781.000000	5223.000000	6585.000000
0.916619	0.891102	0.943640	23976.000000	25408.000000	5368.000000	6024.000000
0.754816	0.653541	0.893236	20205.000000	22620.000000	6423.000000	9828.000000
0.784093	0.769867	0.798856	13265.000000	16605.000000	4098.000000	5323.000000
0.761981	0.859173	0.684543	8233.000000	12027.000000	1995.000000	2322.000000
0.841373	0.815746	0.868662	26502.000000	30509.000000	6880.000000	8434.000000
0.734823	0.650777	0.843796	11587.000000	13732.000000	3140.000000	4825.000000
0.855793	0.816504	0.899053	13297.000000	14790.000000	3849.000000	4714.000000
0.834842	0.950318	0.744390	19305.000000	25934.000000	5528.000000	5817.000000
0.826861	0.810514	0.843880	9308.000000	11030.000000	2066.000000	2549.000000
0.766419	0.666667	0.901275	10389.000000	11527.000000	3186.000000	4779.000000
0.773970	0.763685	0.784536	9700.000000	12364.000000	2288.000000	2996.000000
0.820221	0.722384	0.948710	11949.000000	12595.000000	2230.000000	3087.000000
0.475103	0.329424	0.851779	6511.000000	7644.000000	1601.000000	4860.000000
0.706571	0.692348	0.721391	11473.000000	15904.000000	5239.000000	7567.000000
0.731196	0.746509	0.716498	9576.000000	13365.000000	2833.000000	3795.000000
0.831977	0.805585	0.860157	11170.000000	12986.000000	3058.000000	3796.000000
0.741980	0.797069	0.694014	9415.000000	13566.000000	2121.000000	2661.000000
0.673963	0.548939	0.872735	12282.000000	14073.000000	3724.000000	6784.000000
0.902137	0.980843	0.835124	12050.000000	14429.000000	2304.000000	2349.000000
0.827695	0.809353	0.846888	16068.000000	18973.000000	4067.000000	5025.000000
0.853662	0.820163	0.890014	18717.000000	21030.000000	7452.000000	9086.000000
0.775156	0.687550	0.888348	15682.000000	17653.000000	4313.000000	6273.000000
0.700442	0.743938	0.661752	3097.000000	4680.000000	767.000000	1031.000000
0.474524	0.324158	0.885083	6693.000000	7562.000000	1531.000000	4723.000000
0.602335	0.457208	0.882441	16559.000000	18765.000000	4621.000000	10107.000000
0.751619	0.758702	0.744667	13614.000000	18282.000000	3880.000000	5114.000000
0.826404	0.714765	0.979373	36274.000000	37038.000000	6390.000000	8940.000000
0.905719	0.933268	0.879751	21758.000000	24732.000000	5678.000000	6084.000000
0.730029	0.738381	0.721863	13828.000000	19156.000000	3257.000000	4411.000000
0.666392	0.596529	0.754791	9216.000000	12210.000000	2784.000000	4667.000000
0.751709	0.724382	0.781180	6276.000000	8034.000000	2050.000000	2830.000000
0.776123	0.810894	0.744212	14722.000000	19782.000000	4734.000000	5838.000000
0.881682	0.844859	0.921862	15290.000000	16586.000000	3763.000000	4454.000000
0.831121	0.898364	0.773244	9589.000000	12401.000000	2581.000000	2873.000000
0.804874	0.759792	0.855644	15328.000000	17914.000000	3938.000000	5183.000000
0.741017	0.642623	0.874990	21747.000000	24854.000000	5871.000000	9136.000000
0.734411	0.879643	0.630340	2302.000000	3652.000000	592.000000	673.000000
0.859103	0.873404	0.845262	15825.000000	18722.000000	4788.000000	5482.000000
0.697003	0.689952	0.704199	15010.000000	21315.000000	5610.000000	8131.000000
0.479154	0.385180	0.633780	7715.000000	12173.000000	3254.000000	8448.000000
0.894518	0.840664	0.955746	11727.000000	12270.000000	3192.000000	3797.000000
0.652728	0.525251	0.861913	8364.000000	9704.000000	2621.000000	4990.000000
0.718584	0.583387	0.935345	7812.000000	8352.000000	1812.000000	3106.000000
0.588511	0.454601	0.834255	10409.000000	12477.000000	2994.000000	6586.000000
0.789777	0.713997	0.883554	12201.000000	13809.000000	3178.000000	4451.000000
