0.800848	0.900322	0.721169	12782.000000	17724.000000	2800.000000	3110.000000
0.626144	0.849645	0.495739	7853.000000	15841.000000	2396.000000	2820.000000
0.797589	0.887374	0.724304	16081.000000	22202.000000	5011.000000	5647.000000
0.774857	0.710769	0.851648	10517.000000	12349.000000	2541.000000	3575.000000
0.612701	0.817408	0.489990	12287.000000	25076.000000	2113.000000	2585.000000
0.833529	0.912718	0.766984	6198.000000	8081.000000	1098.000000	1203.000000
0.769075	0.818573	0.725221	5817.000000	8021.000000	1331.000000	1626.000000
0.707627	0.624852	0.815681	7293.000000	8941.000000	2112.000000	3380.000000
0.902235	0.996345	0.824369	10744.000000	13033.000000	2181.000000	2189.000000
0.559193	0.507143	0.623149	5723.000000	9184.000000	1704.000000	3360.000000
0.591610	0.786087	0.474275	5494.000000	11584.000000	1356.000000	1725.000000
0.648392	0.553109	0.783335	6045.000000	7717.000000	1432.000000	2589.000000
0.658425	0.585779	0.751640	8707.000000	11584.000000	2076.000000	3544.000000
0.838516	0.969099	0.738946	13403.000000	18138.000000	3732.000000	3851.000000
0.859814	0.875944	0.844268	14426.000000	17087.000000	2669.000000	3047.000000
0.921186	0.929990	0.912548	14327.000000	15700.000000	2670.000000	2871.000000
0.757857	0.800355	0.719644	11723.000000	16290.000000	2253.000000	2815.000000
0.839047	0.877315	0.803978	16976.000000	21115.000000	4548.000000	5184.000000
0.813136	0.788820	0.838998	10516.000000	12534.000000	3302.000000	4186.000000
0.830109	0.813054	0.847896	10558.000000	12452.000000	3762.000000	4627.000000
0.676835	0.599350	0.777330	6172.000000	7940.000000	2214.000000	3694.000000
0.722421	0.632296	0.842509	8463.000000	10045.000000	3293.000000	5208.000000
0.818101	0.811854	0.824446	13605.000000	16502.000000	4794.000000	5905.000000
0.784871	0.872788	0.713045	14611.000000	20491.000000	3945.000000	4520.000000
0.274199	0.975155	0.159528	1028.000000	6444.000000	314.000000	322.000000
0.819764	0.930890	0.732339	4126.000000	5634.000000	889.000000	955.000000
0.815732	0.915209	0.735760	7518.000000	10218.000000	1727.000000	1887.000000
0.797072	0.770657	0.825362	7127.000000	8635.000000	3283.000000	4260.000000
0.943924	1.000000	0.893803	3274.000000	3663.000000	664.000000	664.000000
0.644943	0.698282	0.599175	5519.000000	9211.000000	1951.000000	2794.000000
0.855553	0.824899	0.888572	12767.000000	14368.000000	3896.000000	4723.000000
0.776362	0.878292	0.695631	9935.000000	14282.000000	2901.000000	3303.000000
0.812263	0.724296	0.924552	14178.000000	15335.000000	5199.000000	7178.000000
0.853809	0.871181	0.837115	12838.000000	15336.000000	2367.000000	2717.000000
0.806860	0.839087	0.777016	14395.000000	18526.000000	4156.000000	4953.000000
0.888046	0.913547	0.863930	16292.000000	18858.000000	4734.000000	5182.000000
0.796412	0.860554	0.741169	6987.000000	9427.000000	1802.000000	2094.000000
0.728091	0.755180	0.702879	8618.000000	12261.000000	2770.000000	3668.000000
0.764608	0.775065	0.754429	16138.000000	21391.000000	5048.000000	6513.000000
0.452160	0.328098	0.727088	3935.000000	5412.000000	961.000000	2929.000000
0.864716	0.897153	0.834544	14022.000000	16802.000000	3088.000000	3442.000000
0.811015	0.743418	0.892134	14019.000000	15714.000000	4207.000000	5659.000000
0.843258	0.881358	0.808316	16855.000000	20852.000000	6047.000000	6861.000000
0.776747	0.907980	0.678658	11470.000000	16901.000000	2230.000000	2456.000000
0.812871	0.813980	0.811764	13442.000000	16559.000000	3505.000000	4306.000000
0.917902	0.958445	0.880649	13193.000000	14981.000000	3921.000000	4091.000000
0.702607	0.661643	0.748978	9709.000000	12963.000000	3029.000000	4578.000000
0.605087	0.776309	0.495746	10895.000000	21977.000000	3054.000000	3934.000000
0.684757	0.708007	0.662985	7743.000000	11679.000000	1627.000000	2298.000000
0.674256	0.722123	0.632341	6902.000000	10915.000000	2422.000000	3354.000000
0.796211	0.811471	0.781515	6739.000000	8623.000000	1528.000000	1883.000000
0.882193	0.956842	0.818348	15227.000000	18607.000000	2594.000000	2711.000000
0.827298	0.821190	0.833497	11033.000000	13237.000000	2457.000000	2992.000000
0.702676	0.706393	0.698998	5232.000000	7485.000000	1547.000000	2190.000000
0.837138	0.927464	0.762845	14253.000000	18684.000000	3529.000000	3805.000000
0.688618	0.628035	0.762137	21288.000000	27932.000000	3311.000000	5272.000000
0.730581	0.698987	0.765167	13369.000000	17472.000000	4001.000000	5724.000000
0.850711	0.943380	0.774620	11555.000000	14917.000000	3349.000000	3550.000000
0.701163	0.679512	0.724239	6642.000000	9171.000000	1728.000000	2543.000000
0.737760	0.922828	0.614521	12425.000000	20219.000000	2284.000000	2475.000000
0.807659	0.891453	0.738265	13054.000000	17682.000000	2743.000000	3077.000000
0.896178	0.840086	0.960296	5708.000000	5944.000000	1555.000000	1851.000000
0.928684	0.983788	0.879426	8395.000000	9546.000000	2306.000000	2344.000000
0.818428	0.896116	0.753136	11587.000000	15385.000000	2907.000000	3244.000000
0.773286	0.757039	0.790246	14211.000000	17983.000000	3549.000000	4688.000000
0.790226	0.822258	0.760597	10497.000000	13801.000000	2586.000000	3145.000000
0.772540	0.837165	0.717177	7937.000000	11067.000000	2658.000000	3175.000000
0.760802	0.816462	0.712246	6584.000000	9244.000000	1597.000000	1956.000000
0.618390	0.548886	0.708049	9747.000000	13766.000000	2981.000000	5431.000000
0.807287	0.723485	0.913046	14690.000000	16089.000000	2865.000000	3960.000000
0.643276	0.514002	0.859426	7636.000000	8885.000000	1964.000000	3821.000000
0.807528	0.853909	0.765926	10857.000000	14175.000000	2829.000000	3313.000000
0.654289	0.540911	0.827800	6009.000000	7259.000000	2446.000000	4522.000000
0.873042	0.892283	0.854614	12650.000000	14802.000000	3272.000000	3667.000000
0.682134	0.584368	0.819186	7933.000000	9684.000000	2071.000000	3544.000000
0.739328	0.929204	0.613885	4377.000000	7130.000000	1470.000000	1582.000000
0.810150	0.746721	0.885355	9854.000000	11130.000000	4555.000000	6100.000000
0.719706	0.802696	0.652268	8109.000000	12432.000000	2144.000000	2671.000000
0.683403	0.925397	0.541737	9248.000000	17071.000000	2270.000000	2453.000000
0.812654	0.759914	0.873262	13250.000000	15173.000000	3526.000000	4640.000000
0.899066	0.952381	0.851404	13035.000000	15310.000000	2520.000000	2646.000000
0.770449	0.873601	0.689085	10297.000000	14943.000000	2419.000000	2769.000000
0.692754	0.862162	0.578987	7660.000000	13230.000000	1914.000000	2220.000000
0.703355	0.891400	0.580827	10391.000000	17890.000000	2643.000000	2965.000000
0.889071	0.848175	0.934110	8095.000000	8666.000000	1743.000000	2055.000000
0.681997	0.942965	0.534166	10483.000000	19625.000000	3009.000000	3191.000000
0.908426	0.999288	0.832711	18054.000000	21681.000000	2806.000000	2808.000000
0.849767	0.929277	0.782791	11381.000000	14539.000000	2352.000000	2531.000000
0.830329	0.899971	0.770692	10755.000000	13955.000000	3068.000000	3409.000000
0.822434	0.916885	0.745625	7328.000000	9828.000000	3144.000000	3429.000000
0.718159	0.784733	0.661996	8741.000000	13204.000000	3886.000000	4952.000000
0.793963	0.854857	0.741167	17264.000000	23293.000000	3740.000000	4375.000000
0.807221	0.901413	0.730852	15000.000000	20524.000000	3127.000000	3469.000000
0.603008	0.480072	0.810578	8015.000000	9888.000000	2120.000000	4416.000000
0.877974	0.929825	0.831601	9363.000000	11259.000000	3021.000000	3249.000000
0.896777	0.929742	0.866070	12668.000000	14627.000000	3348.000000	3601.000000
0.863727	0.868974	0.858544	11732.000000	13665.000000	2938.000000	3381.000000
0.865340	0.907817	0.826661	18108.000000	21905.000000	6027.000000	6639.000000
0.630009	0.476476	0.929528	16026.000000	17241.000000	4051.000000	8502.000000
0.781705	0.829334	0.739250	14201.000000	19210.000000	4009.000000	4834.000000
0.842750	0.887233	0.802514	12065.000000	15034.000000	3037.000000	3423.000000
0.547515	0.799155	0.416399	8293.000000	19916.000000	1703.000000	2131.000000
0.908292	0.932783	0.885053	16793.000000	18974.000000	3053.000000	3273.000000
0.786350	0.847563	0.733384	17478.000000	23832.000000	4487.000000	5294.000000
0.708057	0.662698	0.760080	12517.000000	16468.000000	3507.000000	5292.000000
0.766041	0.736415	0.798152	9415.000000	11796.000000	3537.000000	4803.000000
0.828256	0.953626	0.732019	10768.000000	14710.000000	2735.000000	2868.000000
0.863318	0.884632	0.843007	21903.000000	25982.000000	6234.000000	7047.000000
0.789595	0.750000	0.833604	15911.000000	19087.000000	3681.000000	4908.000000
0.844327	0.843526	0.845129	14974.000000	17718.000000	3062.000000	3630.000000
0.803009	0.900030	0.724869	9843.000000	13579.000000	2953.000000	3281.000000
0.693537	0.904974	0.562189	10048.000000	17873.000000	2238.000000	2473.000000
0.883195	0.949305	0.825693	9474.000000	11474.000000	2116.000000	2229.000000
0.709627	0.756708	0.668061	10697.000000	16012.000000	2961.000000	3913.000000
0.873557	0.915816	0.835026	23926.000000	28653.000000	5472.000000	5975.000000
0.885908	0.991373	0.800725	8169.000000	10202.000000	1379.000000	1391.000000
0.712510	0.587821	0.904339	8357.000000	9241.000000	2085.000000	3547.000000
0.675860	0.742402	0.620265	6189.000000	9978.000000	2052.000000	2764.000000
0.675263	0.641643	0.712600	11232.000000	15762.000000	2530.000000	3943.000000
0.614598	0.453392	0.953686	7763.000000	8140.000000	1537.000000	3390.000000
0.503733	0.398546	0.684352	6372.000000	9311.000000	1699.000000	4263.000000
0.795588	0.828546	0.765152	12625.000000	16500.000000	3663.000000	4421.000000
0.786572	0.827553	0.749459	12462.000000	16628.000000	3460.000000	4181.000000
0.875352	1.000000	0.778334	3578.000000	4597.000000	727.000000	727.000000
0.589579	0.938583	0.429772	9054.000000	21067.000000	2384.000000	2540.000000
0.833755	0.810660	0.858204	16638.000000	19387.000000	4654.000000	5741.000000
0.700252	0.977604	0.545493	5150.000000	9441.000000	873.000000	893.000000
0.609076	0.627949	0.591304	952.000000	1610.000000	346.000000	551.000000
0.805083	0.810931	0.799320	16454.000000	20585.000000	4748.000000	5855.000000
0.788962	0.998080	0.652293	13327.000000	20431.000000	3119.000000	3125.000000
0.680152	0.847160	0.568149	8141.000000	14329.000000	1879.000000	2218.000000
0.818769	0.824604	0.813017	14953.000000	18392.000000	2393.000000	2902.000000
0.794343	0.896626	0.713006	5175.000000	7258.000000	1249.000000	1393.000000
0.814639	0.868687	0.766922	14695.000000	19161.000000	4128.000000	4752.000000
0.795263	0.902754	0.710646	15841.000000	22291.000000	3769.000000	4175.000000
0.735654	0.865144	0.639880	6171.000000	9644.000000	1591.000000	1839.000000
0.857880	0.807533	0.914921	9173.000000	10026.000000	1951.000000	2416.000000
0.660511	0.795918	0.564478	6172.000000	10934.000000	1404.000000	1764.000000
0.798133	0.779910	0.817229	9430.000000	11539.000000	2438.000000	3126.000000
0.764909	0.805044	0.728586	8370.000000	11488.000000	2362.000000	2934.000000
0.828342	0.820892	0.835928	11866.000000	14195.000000	3442.000000	4193.000000
0.858473	0.807679	0.916085	17849.000000	19484.000000	4754.000000	5886.000000
0.894041	0.850849	0.941854	11209.000000	11901.000000	2105.000000	2474.000000
0.808167	0.924336	0.717937	12948.000000	18035.000000	4178.000000	4520.000000
0.789803	0.814310	0.766728	11596.000000	15124.000000	3767.000000	4626.000000
0.814650	0.789196	0.841800	20348.000000	24172.000000	5990.000000	7590.000000
0.756371	0.685466	0.843637	8379.000000	9932.000000	2528.000000	3688.000000
0.808973	0.720024	0.922996	11363.000000	12311.000000	2366.000000	3286.000000
0.578667	0.974952	0.411433	9349.000000	22723.000000	2024.000000	2076.000000
0.876024	0.901520	0.851930	10086.000000	11839.000000	2609.000000	2894.000000
0.818990	0.937980	0.726791	18938.000000	26057.000000	4643.000000	4950.000000
0.669858	0.881868	0.540030	7231.000000	13390.000000	1926.000000	2184.000000
0.665980	0.862801	0.542276	11044.000000	20366.000000	3660.000000	4242.000000
0.800296	0.802813	0.797794	13454.000000	16864.000000	3253.000000	4052.000000
0.853490	0.857806	0.849216	19346.000000	22781.000000	4066.000000	4740.000000
0.918749	0.943713	0.895072	22742.000000	25408.000000	4946.000000	5241.000000
0.784358	0.742434	0.831300	18804.000000	22620.000000	5618.000000	7567.000000
0.744481	0.811755	0.687504	11416.000000	16605.000000	3066.000000	3777.000000
0.762160	0.906250	0.657604	7909.000000	12027.000000	1914.000000	2112.000000
0.823099	0.869125	0.781704	23849.000000	30509.000000	5917.000000	6808.000000
0.766370	0.734754	0.800830	10997.000000	13732.000000	2759.000000	3755.000000
0.858251	0.887620	0.830764	12287.000000	14790.000000	3420.000000	3853.000000
0.817360	0.976422	0.702861	18228.000000	25934.000000	5011.000000	5132.000000
0.827711	0.847137	0.809157	8925.000000	11030.000000	1923.000000	2270.000000
0.813419	0.776524	0.853995	9844.000000	11527.000000	2891.000000	3723.000000
0.801659	0.860535	0.750324	9277.000000	12364.000000	1993.000000	2316.000000
0.902663	0.878186	0.928543	11695.000000	12595.000000	2033.000000	2315.000000
0.575635	0.454545	0.784668	5998.000000	7644.000000	1395.000000	3069.000000
0.650597	0.775713	0.560236	8910.000000	15904.000000	3673.000000	4735.000000
0.631324	0.776917	0.531687	7106.000000	13365.000000	2107.000000	2712.000000
0.834835	0.831487	0.838210	10885.000000	12986.000000	2852.000000	3430.000000
0.702542	0.786210	0.634970	8614.000000	13566.000000	1927.000000	2451.000000
0.708804	0.657823	0.768351	10813.000000	14073.000000	3149.000000	4787.000000
0.869599	0.984288	0.778848	11238.000000	14429.000000	2130.000000	2164.000000
0.843059	0.930682	0.770516	14619.000000	18973.000000	3370.000000	3621.000000
0.836637	0.883925	0.794151	16701.000000	21030.000000	6252.000000	7073.000000
0.820744	0.806558	0.835439	14748.000000	17653.000000	3911.000000	4849.000000
0.760718	0.894490	0.661752	3097.000000	4680.000000	763.000000	853.000000
0.548694	0.405328	0.848982	6420.000000	7562.000000	1415.000000	3491.000000
0.618367	0.502127	0.804636	15099.000000	18765.000000	3777.000000	7522.000000
0.752071	0.888009	0.652226	11924.000000	18282.000000	3140.000000	3536.000000
0.901229	0.871162	0.933447	34573.000000	37038.000000	5646.000000	6481.000000
0.894830	0.965799	0.833576	20616.000000	24732.000000	5196.000000	5380.000000
0.718894	0.790899	0.658906	12622.000000	19156.000000	2920.000000	3692.000000
0.697345	0.698957	0.695741	8495.000000	12210.000000	2345.000000	3355.000000
0.738488	0.757602	0.720314	5787.000000	8034.000000	1719.000000	2269.000000
0.764665	0.876158	0.678344	13419.000000	19782.000000	4160.000000	4748.000000
0.891864	0.954463	0.836971	13882.000000	16586.000000	3144.000000	3294.000000
0.787061	0.962426	0.665753	8256.000000	12401.000000	2126.000000	2209.000000
0.808614	0.911526	0.726583	13016.000000	17914.000000	3029.000000	3323.000000
0.713925	0.724143	0.703991	17497.000000	24854.000000	4565.000000	6304.000000
0.745148	0.940663	0.616922	2253.000000	3652.000000	539.000000	573.000000
0.820401	0.958333	0.717178	13427.000000	18722.000000	3657.000000	3816.000000
0.592145	0.837304	0.458034	9763.000000	21315.000000	3304.000000	3946.000000
0.368528	0.391444	0.348148	4238.000000	12173.000000	1711.000000	4371.000000
0.913901	0.880270	0.950204	11659.000000	12270.000000	3132.000000	3558.000000
0.708407	0.634286	0.802143	7784.000000	9704.000000	2331.000000	3675.000000
0.807482	0.743085	0.884100	7384.000000	8352.000000	1585.000000	2133.000000
0.670877	0.590428	0.776709	9691.000000	12477.000000	2677.000000	4534.000000
0.809981	0.795461	0.825042	11393.000000	13809.000000	2874.000000	3613.000000
