0.619536	0.778976	0.514274	9115.000000	17724.000000	1734.000000	2226.000000
0.541061	0.815975	0.404709	6411.000000	15841.000000	2319.000000	2842.000000
0.685956	0.889794	0.558103	12391.000000	22202.000000	3714.000000	4174.000000
0.714804	0.790348	0.652441	8057.000000	12349.000000	1998.000000	2528.000000
0.218349	0.909742	0.124063	3111.000000	25076.000000	635.000000	698.000000
0.588721	0.795482	0.467269	3776.000000	8081.000000	669.000000	841.000000
0.585229	0.683959	0.511408	4102.000000	8021.000000	1002.000000	1465.000000
0.389845	0.698049	0.270440	2418.000000	8941.000000	823.000000	1179.000000
0.599054	1.000000	0.427607	5573.000000	13033.000000	1034.000000	1034.000000
0.494293	0.443003	0.559016	5134.000000	9184.000000	1434.000000	3237.000000
0.369663	0.443330	0.316989	3672.000000	11584.000000	884.000000	1994.000000
0.570921	0.467887	0.732150	5650.000000	7717.000000	1304.000000	2787.000000
0.637183	0.612358	0.664106	7693.000000	11584.000000	1883.000000	3075.000000
0.793958	0.948414	0.682765	12384.000000	18138.000000	3199.000000	3373.000000
0.856092	0.850492	0.861766	14725.000000	17087.000000	2850.000000	3351.000000
0.915533	0.896655	0.935223	14683.000000	15700.000000	2707.000000	3019.000000
0.649108	0.940898	0.495457	8071.000000	16290.000000	1592.000000	1692.000000
0.751124	0.945661	0.622969	13154.000000	21115.000000	3585.000000	3791.000000
0.869074	0.935901	0.811154	10167.000000	12534.000000	3183.000000	3401.000000
0.740350	0.693729	0.793688	9883.000000	12452.000000	3153.000000	4545.000000
0.603551	0.505008	0.749874	5954.000000	7940.000000	2168.000000	4293.000000
0.666336	0.664391	0.668293	6713.000000	10045.000000	2336.000000	3516.000000
0.788898	0.802528	0.775724	12801.000000	16502.000000	4381.000000	5459.000000
0.677740	0.811823	0.581670	11919.000000	20491.000000	2925.000000	3603.000000
0.319622	0.831068	0.197858	1275.000000	6444.000000	428.000000	515.000000
0.681538	0.754554	0.621406	3501.000000	5634.000000	787.000000	1043.000000
0.802506	0.980119	0.679389	6942.000000	10218.000000	1479.000000	1509.000000
0.711146	0.812057	0.632542	5462.000000	8635.000000	2748.000000	3384.000000
0.877585	1.000000	0.781873	2864.000000	3663.000000	577.000000	577.000000
0.414635	0.833333	0.275974	2542.000000	9211.000000	810.000000	972.000000
0.801621	0.965281	0.685412	9848.000000	14368.000000	1974.000000	2045.000000
0.698150	0.925238	0.560566	8006.000000	14282.000000	2240.000000	2421.000000
0.803795	0.762866	0.849364	13025.000000	15335.000000	4195.000000	5499.000000
0.815116	0.943880	0.717267	11000.000000	15336.000000	1951.000000	2067.000000
0.737920	0.887707	0.631383	11697.000000	18526.000000	3423.000000	3856.000000
0.832418	0.893101	0.779457	14699.000000	18858.000000	4052.000000	4537.000000
0.622983	0.835188	0.496765	4683.000000	9427.000000	1201.000000	1438.000000
0.722715	0.772893	0.678656	8321.000000	12261.000000	2760.000000	3571.000000
0.730211	0.791779	0.677528	14493.000000	21391.000000	4719.000000	5960.000000
0.350915	0.318052	0.391353	2118.000000	5412.000000	555.000000	1745.000000
0.855980	0.939501	0.786097	13208.000000	16802.000000	2935.000000	3124.000000
0.659061	0.737585	0.595647	9360.000000	15714.000000	2718.000000	3685.000000
0.793446	0.909234	0.703817	14676.000000	20852.000000	5189.000000	5707.000000
0.557693	0.866512	0.411159	6949.000000	16901.000000	1493.000000	1723.000000
0.807481	0.873950	0.750408	12426.000000	16559.000000	3120.000000	3570.000000
0.867675	0.959629	0.791803	11862.000000	14981.000000	3518.000000	3666.000000
0.573421	0.613844	0.537993	6974.000000	12963.000000	2146.000000	3496.000000
0.663377	0.778075	0.578150	12706.000000	21977.000000	3485.000000	4479.000000
0.762101	0.798555	0.728830	8512.000000	11679.000000	1768.000000	2214.000000
0.571461	0.620330	0.529730	5782.000000	10915.000000	2441.000000	3935.000000
0.556221	0.701073	0.460976	3975.000000	8623.000000	849.000000	1211.000000
0.819184	0.913263	0.742677	13819.000000	18607.000000	2348.000000	2571.000000
0.803694	0.922971	0.711717	9421.000000	13237.000000	2013.000000	2181.000000
0.647864	0.738539	0.577021	4319.000000	7485.000000	1031.000000	1396.000000
0.818433	0.951920	0.717780	13411.000000	18684.000000	3148.000000	3307.000000
0.564972	0.516356	0.623693	17421.000000	27932.000000	2715.000000	5258.000000
0.682573	0.799634	0.595410	10403.000000	17472.000000	3057.000000	3823.000000
0.775521	0.972033	0.645103	9623.000000	14917.000000	2989.000000	3075.000000
0.619751	0.645719	0.595791	5464.000000	9171.000000	1418.000000	2196.000000
0.665480	0.897703	0.528711	10690.000000	20219.000000	2071.000000	2307.000000
0.699531	0.887935	0.577084	10204.000000	17682.000000	1965.000000	2213.000000
0.740110	0.642617	0.872476	5186.000000	5944.000000	1336.000000	2079.000000
0.819011	0.971223	0.708045	6759.000000	9546.000000	1890.000000	1946.000000
0.740126	0.859637	0.649789	9997.000000	15385.000000	2560.000000	2978.000000
0.663812	0.687228	0.641940	11544.000000	17983.000000	2685.000000	3907.000000
0.760299	0.834820	0.697993	9633.000000	13801.000000	2153.000000	2579.000000
0.745338	0.892337	0.639920	7082.000000	11067.000000	1898.000000	2127.000000
0.641703	0.985377	0.475768	4398.000000	9244.000000	876.000000	889.000000
0.425934	0.486652	0.378687	5213.000000	13766.000000	1586.000000	3259.000000
0.791580	0.720906	0.877618	14120.000000	16089.000000	2769.000000	3841.000000
0.638916	0.617963	0.661339	5876.000000	8885.000000	1438.000000	2327.000000
0.767201	0.844208	0.703069	9966.000000	14175.000000	2536.000000	3004.000000
0.618967	0.556430	0.697341	5062.000000	7259.000000	2120.000000	3810.000000
0.806225	0.891193	0.736049	10895.000000	14802.000000	2793.000000	3134.000000
0.652130	0.618695	0.689385	6676.000000	9684.000000	1754.000000	2835.000000
0.222243	0.506446	0.142356	1015.000000	7130.000000	275.000000	543.000000
0.799143	0.760985	0.841330	9364.000000	11130.000000	4174.000000	5485.000000
0.783440	0.819424	0.750483	9330.000000	12432.000000	2818.000000	3439.000000
0.623865	0.886288	0.481343	8217.000000	17071.000000	1855.000000	2093.000000
0.847526	0.899007	0.801621	12163.000000	15173.000000	3169.000000	3525.000000
0.886096	0.988764	0.802743	12290.000000	15310.000000	2288.000000	2314.000000
0.357551	0.997191	0.217828	3255.000000	14943.000000	710.000000	712.000000
0.531179	0.815754	0.393802	5210.000000	13230.000000	1222.000000	1498.000000
0.611553	0.866774	0.472443	8452.000000	17890.000000	2160.000000	2492.000000
0.888969	0.899943	0.878260	7611.000000	8666.000000	1592.000000	1769.000000
0.742151	0.886229	0.638369	12528.000000	19625.000000	4035.000000	4553.000000
0.753803	0.942600	0.628015	13616.000000	21681.000000	1987.000000	2108.000000
0.774771	0.955305	0.651627	9474.000000	14539.000000	1945.000000	2036.000000
0.808595	0.966817	0.694876	9697.000000	13955.000000	2360.000000	2441.000000
0.700262	0.924429	0.563594	5539.000000	9828.000000	2471.000000	2673.000000
0.630483	0.819236	0.512420	6766.000000	13204.000000	3109.000000	3795.000000
0.747241	0.887755	0.645129	15027.000000	23293.000000	3045.000000	3430.000000
0.776105	0.936555	0.662590	13599.000000	20524.000000	2849.000000	3042.000000
0.588562	0.480107	0.760316	7518.000000	9888.000000	1967.000000	4097.000000
0.655036	0.832323	0.540012	6080.000000	11259.000000	1648.000000	1980.000000
0.536103	0.909983	0.379982	5558.000000	14627.000000	1577.000000	1733.000000
0.770968	0.839008	0.713136	9745.000000	13665.000000	2267.000000	2702.000000
0.779266	0.911107	0.680758	14912.000000	21905.000000	4766.000000	5231.000000
0.709761	0.656769	0.772055	13311.000000	17241.000000	3163.000000	4816.000000
0.701340	0.814981	0.615513	11824.000000	19210.000000	3264.000000	4005.000000
0.798860	0.887347	0.726420	10921.000000	15034.000000	2686.000000	3027.000000
0.543668	0.776322	0.418307	8331.000000	19916.000000	1600.000000	2061.000000
0.893820	0.952243	0.842152	15979.000000	18974.000000	2951.000000	3099.000000
0.760270	0.916667	0.649463	15478.000000	23832.000000	3762.000000	4104.000000
0.702536	0.687781	0.717938	11823.000000	16468.000000	3214.000000	4673.000000
0.769638	0.835881	0.713123	8412.000000	11796.000000	3336.000000	3991.000000
0.737505	0.941618	0.606118	8916.000000	14710.000000	2258.000000	2398.000000
0.798740	0.913418	0.709645	18438.000000	25982.000000	4874.000000	5336.000000
0.800869	0.831990	0.771991	14735.000000	19087.000000	3407.000000	4095.000000
0.802866	0.785695	0.820804	14543.000000	17718.000000	2977.000000	3789.000000
0.700915	0.813326	0.615804	8362.000000	13579.000000	2771.000000	3407.000000
0.640392	0.885741	0.501483	8963.000000	17873.000000	1907.000000	2153.000000
0.794143	0.969558	0.672477	7716.000000	11474.000000	1688.000000	1741.000000
0.720459	0.728700	0.712403	11407.000000	16012.000000	2925.000000	4014.000000
0.879572	0.939688	0.826685	23687.000000	28653.000000	5235.000000	5571.000000
0.849004	0.998428	0.738483	7534.000000	10202.000000	1270.000000	1272.000000
0.722275	0.654182	0.806190	7450.000000	9241.000000	1799.000000	2750.000000
0.573280	0.769479	0.456805	4558.000000	9978.000000	1432.000000	1861.000000
0.467056	0.629991	0.371082	5849.000000	15762.000000	1420.000000	2254.000000
0.718605	0.683014	0.758108	6171.000000	8140.000000	1142.000000	1672.000000
0.544165	0.503180	0.592418	5516.000000	9311.000000	1503.000000	2987.000000
0.655960	0.846154	0.535576	8837.000000	16500.000000	2629.000000	3107.000000
0.730546	0.753867	0.708624	11783.000000	16628.000000	3363.000000	4461.000000
0.816472	0.976012	0.701762	3226.000000	4597.000000	651.000000	667.000000
0.423104	0.888765	0.277638	5849.000000	21067.000000	1598.000000	1798.000000
0.808956	0.904332	0.731779	14187.000000	19387.000000	3507.000000	3878.000000
0.726931	0.888054	0.615295	5809.000000	9441.000000	1182.000000	1331.000000
0.244454	0.334677	0.192547	310.000000	1610.000000	166.000000	496.000000
0.779957	0.921019	0.676366	13923.000000	20585.000000	3615.000000	3925.000000
0.689084	0.981672	0.530860	10846.000000	20431.000000	2571.000000	2619.000000
0.521593	0.864611	0.373438	5351.000000	14329.000000	1290.000000	1492.000000
0.739077	0.915839	0.619508	11394.000000	18392.000000	1752.000000	1913.000000
0.617468	0.960638	0.454946	3302.000000	7258.000000	903.000000	940.000000
0.742567	0.834288	0.669015	12819.000000	19161.000000	3494.000000	4188.000000
0.799888	0.902784	0.718048	16006.000000	22291.000000	3761.000000	4166.000000
0.524837	0.828476	0.384073	3704.000000	9644.000000	995.000000	1201.000000
0.810487	0.761317	0.866447	8687.000000	10026.000000	1850.000000	2430.000000
0.627602	0.787296	0.521767	5705.000000	10934.000000	1351.000000	1716.000000
0.686784	0.713982	0.661582	7634.000000	11539.000000	2012.000000	2818.000000
0.770491	0.902957	0.671919	7719.000000	11488.000000	1954.000000	2164.000000
0.833926	0.874560	0.796900	11312.000000	14195.000000	2984.000000	3412.000000
0.879957	0.913489	0.848799	16538.000000	19484.000000	4456.000000	4878.000000
0.624279	0.939171	0.467524	5564.000000	11901.000000	1019.000000	1085.000000
0.571055	0.873068	0.424286	7652.000000	18035.000000	2146.000000	2458.000000
0.804225	0.909845	0.720577	10898.000000	15124.000000	3290.000000	3616.000000
0.759771	0.780962	0.739699	17880.000000	24172.000000	5177.000000	6629.000000
0.632251	0.570742	0.708619	7038.000000	9932.000000	1900.000000	3329.000000
0.870320	0.886539	0.854683	10522.000000	12311.000000	2180.000000	2459.000000
0.476241	0.948312	0.317960	7225.000000	22723.000000	1798.000000	1896.000000
0.746558	0.667918	0.846186	10018.000000	11839.000000	2846.000000	4261.000000
0.768602	0.985101	0.630119	16419.000000	26057.000000	3967.000000	4027.000000
0.687523	0.901895	0.555489	7438.000000	13390.000000	2142.000000	2375.000000
0.614561	0.852509	0.480458	9785.000000	20366.000000	3364.000000	3946.000000
0.726775	0.817687	0.654056	11030.000000	16864.000000	2404.000000	2940.000000
0.821676	0.958448	0.719064	16381.000000	22781.000000	3483.000000	3634.000000
0.874953	0.925918	0.829306	21071.000000	25408.000000	4612.000000	4981.000000
0.754456	0.787948	0.723696	16370.000000	22620.000000	5165.000000	6555.000000
0.591661	0.788985	0.473291	7859.000000	16605.000000	2378.000000	3014.000000
0.704940	0.848406	0.602977	7252.000000	12027.000000	1623.000000	1913.000000
0.776995	0.812727	0.744272	22707.000000	30509.000000	5811.000000	7150.000000
0.719231	0.692627	0.747961	10271.000000	13732.000000	2668.000000	3852.000000
0.837746	0.963364	0.741109	10961.000000	14790.000000	3024.000000	3139.000000
0.741134	0.997800	0.589496	15288.000000	25934.000000	3629.000000	3637.000000
0.809889	0.895178	0.739438	8156.000000	11030.000000	1708.000000	1908.000000
0.707393	0.790157	0.640323	7381.000000	11527.000000	2312.000000	2926.000000
0.734341	0.862033	0.639599	7908.000000	12364.000000	1637.000000	1899.000000
0.836352	0.805867	0.869234	10948.000000	12595.000000	1868.000000	2318.000000
0.535764	0.763709	0.412611	3154.000000	7644.000000	766.000000	1003.000000
0.597000	0.698394	0.521315	8291.000000	15904.000000	3522.000000	5043.000000
0.590959	0.830762	0.458586	6129.000000	13365.000000	1723.000000	2074.000000
0.796130	0.870479	0.733482	9525.000000	12986.000000	2527.000000	2903.000000
0.680632	0.784988	0.600767	8150.000000	13566.000000	1621.000000	2065.000000
0.627727	0.805646	0.514176	7236.000000	14073.000000	1969.000000	2444.000000
0.700434	0.987797	0.542588	7829.000000	14429.000000	1457.000000	1475.000000
0.792635	0.976244	0.667159	12658.000000	18973.000000	2630.000000	2694.000000
0.637476	0.906834	0.491488	10336.000000	21030.000000	3543.000000	3907.000000
0.748212	0.790114	0.710531	12543.000000	17653.000000	3117.000000	3945.000000
0.665036	0.858491	0.542735	2540.000000	4680.000000	546.000000	636.000000
0.484429	0.349288	0.790135	5975.000000	7562.000000	1350.000000	3865.000000
0.591117	0.524345	0.677378	12711.000000	18765.000000	3080.000000	5874.000000
0.611905	0.773071	0.506345	9257.000000	18282.000000	2354.000000	3045.000000
0.820729	0.774751	0.872509	32316.000000	37038.000000	5290.000000	6828.000000
0.867755	0.983861	0.776160	19196.000000	24732.000000	4694.000000	4771.000000
0.635805	0.807238	0.524431	10046.000000	19156.000000	2186.000000	2708.000000
0.657290	0.701050	0.618673	7554.000000	12210.000000	1937.000000	2763.000000
0.724359	0.927778	0.594100	4773.000000	8034.000000	1670.000000	1800.000000
0.692247	0.834869	0.591245	11696.000000	19782.000000	3443.000000	4124.000000
0.820757	0.903846	0.751658	12467.000000	16586.000000	2538.000000	2808.000000
0.595104	0.925292	0.438594	5439.000000	12401.000000	1189.000000	1285.000000
0.776189	0.939676	0.661159	11844.000000	17914.000000	2726.000000	2901.000000
0.637377	0.792249	0.533154	13251.000000	24854.000000	3516.000000	4438.000000
0.738079	1.000000	0.584885	2136.000000	3652.000000	479.000000	479.000000
0.738971	0.994178	0.588025	11009.000000	18722.000000	2732.000000	2748.000000
0.388892	0.806653	0.256205	5461.000000	21315.000000	1940.000000	2405.000000
0.270510	0.342307	0.223610	2722.000000	12173.000000	1297.000000	3789.000000
0.842453	0.921412	0.775958	9521.000000	12270.000000	2427.000000	2634.000000
0.682351	0.838285	0.575330	5583.000000	9704.000000	1721.000000	2053.000000
0.675216	0.715924	0.638889	5336.000000	8352.000000	1124.000000	1570.000000
0.533954	0.449479	0.657530	8204.000000	12477.000000	2242.000000	4988.000000
0.782013	0.785876	0.778188	10746.000000	13809.000000	2771.000000	3526.000000
