0.599148	0.966690	0.434101	7694.000000	17724.000000	1364.000000	1411.000000
0.054755	0.856698	0.028281	448.000000	15841.000000	275.000000	321.000000
0.000000	1.000000	0.000000	0.000000	22202.000000	0.000000	0.000000
0.000000	1.000000	0.000000	0.000000	12349.000000	0.000000	0.000000
0.000000	1.000000	0.000000	0.000000	25076.000000	0.000000	0.000000
0.000000	1.000000	0.000000	0.000000	8081.000000	0.000000	0.000000
0.000000	1.000000	0.000000	0.000000	8021.000000	0.000000	0.000000
0.162368	1.000000	0.088357	790.000000	8941.000000	324.000000	324.000000
0.504532	1.000000	0.337374	4397.000000	13033.000000	822.000000	822.000000
0.126779	0.577143	0.071211	654.000000	9184.000000	202.000000	350.000000
0.324710	0.635556	0.218059	2526.000000	11584.000000	572.000000	900.000000
0.516671	0.871866	0.367112	2833.000000	7717.000000	626.000000	718.000000
0.207830	0.548673	0.128194	1485.000000	11584.000000	372.000000	678.000000
0.479843	0.976060	0.318117	5770.000000	18138.000000	1427.000000	1462.000000
0.848089	0.979610	0.747703	12776.000000	17087.000000	2210.000000	2256.000000
0.827308	1.000000	0.705478	11076.000000	15700.000000	1875.000000	1875.000000
0.000000	1.000000	0.000000	0.000000	16290.000000	0.000000	0.000000
0.356344	0.986842	0.217428	4591.000000	21115.000000	1050.000000	1064.000000
0.742385	0.987429	0.594782	7455.000000	12534.000000	1728.000000	1750.000000
0.716329	0.935635	0.580308	7226.000000	12452.000000	1599.000000	1709.000000
0.322736	0.831050	0.200252	1590.000000	7940.000000	546.000000	657.000000
0.514054	0.838542	0.370632	3723.000000	10045.000000	966.000000	1152.000000
0.650218	0.891212	0.511817	8446.000000	16502.000000	2089.000000	2344.000000
0.348513	0.710508	0.230882	4731.000000	20491.000000	1021.000000	1437.000000
0.000000	1.000000	0.000000	0.000000	6444.000000	0.000000	0.000000
0.000000	1.000000	0.000000	0.000000	5634.000000	0.000000	0.000000
0.000000	1.000000	0.000000	0.000000	10218.000000	0.000000	0.000000
0.245040	0.947933	0.140706	1215.000000	8635.000000	619.000000	653.000000
0.866471	1.000000	0.764401	2800.000000	3663.000000	561.000000	561.000000
0.030786	1.000000	0.015633	144.000000	9211.000000	29.000000	29.000000
0.555254	1.000000	0.384326	5522.000000	14368.000000	1011.000000	1011.000000
0.521706	0.996792	0.353312	5046.000000	14282.000000	1243.000000	1247.000000
0.606610	0.958904	0.443626	6803.000000	15335.000000	1540.000000	1606.000000
0.000000	1.000000	0.000000	0.000000	15336.000000	0.000000	0.000000
0.529632	0.944656	0.367969	6817.000000	18526.000000	1980.000000	2096.000000
0.336708	0.989154	0.202885	3826.000000	18858.000000	912.000000	922.000000
0.238109	1.000000	0.135144	1274.000000	9427.000000	256.000000	256.000000
0.146432	0.995050	0.079031	969.000000	12261.000000	201.000000	202.000000
0.103882	0.901493	0.055117	1179.000000	21391.000000	604.000000	670.000000
0.000000	1.000000	0.000000	0.000000	5412.000000	0.000000	0.000000
0.468952	0.974465	0.308773	5188.000000	16802.000000	1183.000000	1214.000000
0.551392	0.818182	0.415808	6534.000000	15714.000000	1737.000000	2123.000000
0.454112	0.936907	0.299683	6249.000000	20852.000000	1975.000000	2108.000000
0.205743	1.000000	0.114668	1938.000000	16901.000000	375.000000	375.000000
0.513428	0.919671	0.356121	5897.000000	16559.000000	1454.000000	1581.000000
0.077387	1.000000	0.040251	603.000000	14981.000000	278.000000	278.000000
0.121401	0.782828	0.065803	853.000000	12963.000000	310.000000	396.000000
0.000000	1.000000	0.000000	0.000000	21977.000000	0.000000	0.000000
0.547573	0.866327	0.400291	4675.000000	11679.000000	849.000000	980.000000
0.000000	1.000000	0.000000	0.000000	10915.000000	0.000000	0.000000
0.442464	0.785216	0.308013	2656.000000	8623.000000	563.000000	717.000000
0.802125	0.963393	0.687107	12785.000000	18607.000000	2158.000000	2240.000000
0.306048	0.992079	0.180932	2395.000000	13237.000000	501.000000	505.000000
0.000000	1.000000	0.000000	0.000000	7485.000000	0.000000	0.000000
0.000000	1.000000	0.000000	0.000000	18684.000000	0.000000	0.000000
0.414708	0.805085	0.279285	7801.000000	27932.000000	1045.000000	1298.000000
0.272664	1.000000	0.157853	2758.000000	17472.000000	676.000000	676.000000
0.443134	0.959864	0.288061	4297.000000	14917.000000	1411.000000	1470.000000
0.000000	1.000000	0.000000	0.000000	9171.000000	0.000000	0.000000
0.000000	1.000000	0.000000	0.000000	20219.000000	0.000000	0.000000
0.622587	0.926158	0.468895	8291.000000	17682.000000	1480.000000	1598.000000
0.645551	1.000000	0.476615	2833.000000	5944.000000	578.000000	578.000000
0.399531	1.000000	0.249633	2383.000000	9546.000000	481.000000	481.000000
0.569170	1.000000	0.397790	6120.000000	15385.000000	1416.000000	1416.000000
0.397635	0.750000	0.270533	4865.000000	17983.000000	1140.000000	1520.000000
0.620210	0.881366	0.478444	6603.000000	13801.000000	1419.000000	1610.000000
0.098617	1.000000	0.051866	574.000000	11067.000000	120.000000	120.000000
0.000000	1.000000	0.000000	0.000000	9244.000000	0.000000	0.000000
0.000000	1.000000	0.000000	0.000000	13766.000000	0.000000	0.000000
0.715398	1.000000	0.556902	8960.000000	16089.000000	1553.000000	1553.000000
0.000000	1.000000	0.000000	0.000000	8885.000000	0.000000	0.000000
0.237817	1.000000	0.134956	1913.000000	14175.000000	325.000000	325.000000
0.631636	0.700429	0.575148	4175.000000	7259.000000	1632.000000	2330.000000
0.462928	1.000000	0.301176	4458.000000	14802.000000	767.000000	767.000000
0.242937	0.717557	0.146221	1416.000000	9684.000000	376.000000	524.000000
0.000000	1.000000	0.000000	0.000000	7130.000000	0.000000	0.000000
0.628156	0.871308	0.491105	5466.000000	11130.000000	2065.000000	2370.000000
0.591218	0.960058	0.427124	5310.000000	12432.000000	1322.000000	1377.000000
0.000000	1.000000	0.000000	0.000000	17071.000000	0.000000	0.000000
0.650820	0.986178	0.485665	7369.000000	15173.000000	1641.000000	1664.000000
0.756195	1.000000	0.607969	9308.000000	15310.000000	1714.000000	1714.000000
0.290902	0.996357	0.170314	2545.000000	14943.000000	547.000000	549.000000
0.215779	1.000000	0.120937	1600.000000	13230.000000	321.000000	321.000000
0.000000	1.000000	0.000000	0.000000	17890.000000	0.000000	0.000000
0.000000	1.000000	0.000000	0.000000	8666.000000	0.000000	0.000000
0.098767	0.954976	0.052076	1022.000000	19625.000000	403.000000	422.000000
0.000000	1.000000	0.000000	0.000000	21681.000000	0.000000	0.000000
0.000000	1.000000	0.000000	0.000000	14539.000000	0.000000	0.000000
0.620025	1.000000	0.449301	6270.000000	13955.000000	1320.000000	1320.000000
0.513013	0.973359	0.348291	3423.000000	9828.000000	1023.000000	1051.000000
0.331858	0.747522	0.213269	2816.000000	13204.000000	1282.000000	1715.000000
0.307911	0.954198	0.183574	4276.000000	23293.000000	875.000000	917.000000
0.270789	1.000000	0.156597	3214.000000	20524.000000	565.000000	565.000000
0.553235	0.613514	0.503742	4981.000000	9888.000000	1135.000000	1850.000000
0.000000	1.000000	0.000000	0.000000	11259.000000	0.000000	0.000000
0.304509	1.000000	0.179599	2627.000000	14627.000000	531.000000	531.000000
0.578886	0.923423	0.421588	5761.000000	13665.000000	1230.000000	1332.000000
0.444081	1.000000	0.285414	6252.000000	21905.000000	1675.000000	1675.000000
0.731047	0.930667	0.601937	10378.000000	17241.000000	2094.000000	2250.000000
0.408901	0.978405	0.258459	4965.000000	19210.000000	1178.000000	1204.000000
0.730744	0.944926	0.595716	8956.000000	15034.000000	2179.000000	2306.000000
0.100525	1.000000	0.052922	1054.000000	19916.000000	236.000000	236.000000
0.672126	0.986301	0.509750	9672.000000	18974.000000	1728.000000	1752.000000
0.418804	0.994815	0.265232	6321.000000	23832.000000	1343.000000	1350.000000
0.446847	0.904120	0.296757	4887.000000	16468.000000	1141.000000	1262.000000
0.621558	0.927602	0.467362	5513.000000	11796.000000	2050.000000	2210.000000
0.556435	0.972326	0.389735	5733.000000	14710.000000	1300.000000	1337.000000
0.405819	0.999431	0.254599	6615.000000	25982.000000	1758.000000	1759.000000
0.000000	1.000000	0.000000	0.000000	19087.000000	0.000000	0.000000
0.675460	0.855378	0.558077	9888.000000	17718.000000	1869.000000	2185.000000
0.401114	0.934055	0.255394	3468.000000	13579.000000	949.000000	1016.000000
0.535230	0.996590	0.365859	6539.000000	17873.000000	1169.000000	1173.000000
0.625127	1.000000	0.454680	5217.000000	11474.000000	1047.000000	1047.000000
0.280538	0.991701	0.163377	2616.000000	16012.000000	478.000000	482.000000
0.644122	0.994459	0.476320	13648.000000	28653.000000	2692.000000	2707.000000
0.544858	1.000000	0.374436	3820.000000	10202.000000	637.000000	637.000000
0.377491	1.000000	0.232659	2150.000000	9241.000000	505.000000	505.000000
0.220133	0.834951	0.126779	1265.000000	9978.000000	344.000000	412.000000
0.044174	1.000000	0.022586	356.000000	15762.000000	77.000000	77.000000
0.000000	1.000000	0.000000	0.000000	8140.000000	0.000000	0.000000
0.000000	1.000000	0.000000	0.000000	9311.000000	0.000000	0.000000
0.280534	1.000000	0.163152	2692.000000	16500.000000	555.000000	555.000000
0.423330	0.854745	0.281333	4678.000000	16628.000000	1171.000000	1370.000000
0.685820	1.000000	0.521862	2399.000000	4597.000000	481.000000	481.000000
0.000000	1.000000	0.000000	0.000000	21067.000000	0.000000	0.000000
0.360161	1.000000	0.219632	4258.000000	19387.000000	862.000000	862.000000
0.194839	0.824324	0.110476	1043.000000	9441.000000	183.000000	222.000000
0.000000	1.000000	0.000000	0.000000	1610.000000	0.000000	0.000000
0.512531	0.975812	0.347535	7154.000000	20585.000000	1533.000000	1571.000000
0.502291	1.000000	0.335373	6852.000000	20431.000000	1579.000000	1579.000000
0.139574	1.000000	0.075023	1075.000000	14329.000000	215.000000	215.000000
0.087255	1.000000	0.045618	839.000000	18392.000000	136.000000	136.000000
0.498945	0.992016	0.333287	2419.000000	7258.000000	497.000000	501.000000
0.076784	1.000000	0.039925	765.000000	19161.000000	216.000000	216.000000
0.386289	1.000000	0.239379	5336.000000	22291.000000	1178.000000	1178.000000
0.256577	0.996633	0.147242	1420.000000	9644.000000	296.000000	297.000000
0.503607	0.898876	0.349791	3507.000000	10026.000000	720.000000	801.000000
0.517736	0.924650	0.359521	3931.000000	10934.000000	859.000000	929.000000
0.205304	1.000000	0.114395	1320.000000	11539.000000	285.000000	285.000000
0.000000	1.000000	0.000000	0.000000	11488.000000	0.000000	0.000000
0.729166	0.898977	0.613315	8706.000000	14195.000000	2109.000000	2346.000000
0.579899	0.952148	0.416906	8123.000000	19484.000000	1950.000000	2048.000000
0.469420	0.948324	0.311907	3712.000000	11901.000000	679.000000	716.000000
0.000000	1.000000	0.000000	0.000000	18035.000000	0.000000	0.000000
0.646029	0.995159	0.478246	7233.000000	15124.000000	1850.000000	1859.000000
0.339826	0.788652	0.216573	5235.000000	24172.000000	1668.000000	2115.000000
0.369838	0.873278	0.234595	2330.000000	9932.000000	634.000000	726.000000
0.772642	0.942922	0.654455	8057.000000	12311.000000	1652.000000	1752.000000
0.000000	1.000000	0.000000	0.000000	22723.000000	0.000000	0.000000
0.693163	0.938420	0.549540	6506.000000	11839.000000	1722.000000	1835.000000
0.302317	0.978907	0.178762	4658.000000	26057.000000	1021.000000	1043.000000
0.431641	0.994299	0.275653	3691.000000	13390.000000	872.000000	877.000000
0.000000	1.000000	0.000000	0.000000	20366.000000	0.000000	0.000000
0.594085	0.998034	0.422913	7132.000000	16864.000000	1523.000000	1526.000000
0.569217	0.994524	0.398709	9083.000000	22781.000000	1453.000000	1461.000000
0.700157	0.983468	0.543569	13811.000000	25408.000000	2915.000000	2964.000000
0.515261	0.816717	0.376348	8513.000000	22620.000000	2179.000000	2668.000000
0.252565	1.000000	0.144535	2400.000000	16605.000000	481.000000	481.000000
0.658671	0.902959	0.518417	6235.000000	12027.000000	1312.000000	1453.000000
0.436758	0.950812	0.283490	8649.000000	30509.000000	1991.000000	2094.000000
0.571245	0.910828	0.416108	5714.000000	13732.000000	1287.000000	1413.000000
0.548677	0.979947	0.381001	5635.000000	14790.000000	1466.000000	1496.000000
0.368777	1.000000	0.226074	5863.000000	25934.000000	1057.000000	1057.000000
0.608265	0.966443	0.443790	4895.000000	11030.000000	1008.000000	1043.000000
0.174808	1.000000	0.095775	1104.000000	11527.000000	277.000000	277.000000
0.579912	1.000000	0.408363	5049.000000	12364.000000	864.000000	864.000000
0.229174	1.000000	0.129416	1630.000000	12595.000000	233.000000	233.000000
0.000000	1.000000	0.000000	0.000000	7644.000000	0.000000	0.000000
0.054631	0.789308	0.028295	450.000000	15904.000000	251.000000	318.000000
0.262945	0.965863	0.152189	2034.000000	13365.000000	481.000000	498.000000
0.670829	0.979206	0.510165	6625.000000	12986.000000	1554.000000	1587.000000
0.422525	0.832258	0.283134	3841.000000	13566.000000	645.000000	775.000000
0.242084	1.000000	0.137711	1938.000000	14073.000000	473.000000	473.000000
0.000000	1.000000	0.000000	0.000000	14429.000000	0.000000	0.000000
0.399646	1.000000	0.249723	4738.000000	18973.000000	820.000000	820.000000
0.420638	1.000000	0.266334	5601.000000	21030.000000	1627.000000	1627.000000
0.565680	0.999328	0.394494	6964.000000	17653.000000	1488.000000	1489.000000
0.321076	1.000000	0.191239	895.000000	4680.000000	213.000000	213.000000
0.000000	1.000000	0.000000	0.000000	7562.000000	0.000000	0.000000
0.408915	0.743451	0.282014	5292.000000	18765.000000	823.000000	1107.000000
0.421721	1.000000	0.267203	4885.000000	18282.000000	1000.000000	1000.000000
0.634286	0.868655	0.499514	18501.000000	37038.000000	2738.000000	3152.000000
0.753828	0.984774	0.610626	15102.000000	24732.000000	3622.000000	3678.000000
0.107769	1.000000	0.056953	1091.000000	19156.000000	294.000000	294.000000
0.479366	0.924370	0.323587	3951.000000	12210.000000	770.000000	833.000000
0.451267	0.991209	0.292133	2347.000000	8034.000000	902.000000	910.000000
0.322073	0.997403	0.192043	3799.000000	19782.000000	768.000000	770.000000
0.520230	1.000000	0.351562	5831.000000	16586.000000	974.000000	974.000000
0.000000	1.000000	0.000000	0.000000	12401.000000	0.000000	0.000000
0.420116	0.991886	0.266495	4774.000000	17914.000000	978.000000	986.000000
0.114327	0.695346	0.062284	1548.000000	24854.000000	493.000000	709.000000
0.719944	1.000000	0.562432	2054.000000	3652.000000	413.000000	413.000000
0.000000	1.000000	0.000000	0.000000	18722.000000	0.000000	0.000000
0.000000	1.000000	0.000000	0.000000	21315.000000	0.000000	0.000000
0.048806	0.835125	0.025138	306.000000	12173.000000	233.000000	279.000000
0.494023	0.983749	0.329829	4047.000000	12270.000000	908.000000	923.000000
0.442226	0.969061	0.286480	2780.000000	9704.000000	877.000000	905.000000
0.000000	1.000000	0.000000	0.000000	8352.000000	0.000000	0.000000
0.424608	0.866167	0.281237	3509.000000	12477.000000	809.000000	934.000000
0.437150	0.793401	0.301687	4166.000000	13809.000000	1010.000000	1273.000000
