0.652857	0.540279	0.824701	14617.000000	17724.000000	3682.000000	6815.000000
0.650709	0.697818	0.609557	9656.000000	15841.000000	3838.000000	5500.000000
0.751051	0.624612	0.941672	20907.000000	22202.000000	7852.000000	12571.000000
0.649150	0.493996	0.946392	11687.000000	12349.000000	3291.000000	6662.000000
0.778809	0.704453	0.870713	21834.000000	25076.000000	5220.000000	7410.000000
0.799477	0.704591	0.923896	7466.000000	8081.000000	1412.000000	2004.000000
0.661874	0.564535	0.799776	6415.000000	8021.000000	1977.000000	3502.000000
0.418344	0.275965	0.864221	7727.000000	8941.000000	2394.000000	8675.000000
0.815765	0.860827	0.775186	10103.000000	13033.000000	2270.000000	2637.000000
0.413322	0.278328	0.802591	7371.000000	9184.000000	2864.000000	10290.000000
0.570669	0.472176	0.721081	8353.000000	11584.000000	2571.000000	5445.000000
0.408652	0.271795	0.823118	6352.000000	7717.000000	1749.000000	6435.000000
0.578211	0.443971	0.828816	9601.000000	11584.000000	2603.000000	5863.000000
0.836756	0.791654	0.887308	16094.000000	18138.000000	5160.000000	6518.000000
0.756473	0.629728	0.947094	16183.000000	17087.000000	4012.000000	6371.000000
0.704404	0.550152	0.978854	15368.000000	15700.000000	3247.000000	5902.000000
0.749034	0.649900	0.883855	14398.000000	16290.000000	3592.000000	5527.000000
0.803505	0.720830	0.907601	19164.000000	21115.000000	6011.000000	8339.000000
0.787001	0.718708	0.869635	10900.000000	12534.000000	3761.000000	5233.000000
0.618012	0.454781	0.964022	12004.000000	12452.000000	5270.000000	11588.000000
0.524208	0.378833	0.850630	6754.000000	7940.000000	2903.000000	7663.000000
0.595793	0.459075	0.848482	8523.000000	10045.000000	3326.000000	7245.000000
0.731677	0.599875	0.937705	15474.000000	16502.000000	6718.000000	11199.000000
0.813352	0.780653	0.848909	17395.000000	20491.000000	5883.000000	7536.000000
0.471725	0.424431	0.530881	3421.000000	6444.000000	1435.000000	3381.000000
0.644319	0.532650	0.815229	4593.000000	5634.000000	1248.000000	2343.000000
0.672656	0.591060	0.780388	7974.000000	10218.000000	1957.000000	3311.000000
0.629153	0.498514	0.852577	7362.000000	8635.000000	3522.000000	7065.000000
0.871551	0.811219	0.941578	3449.000000	3663.000000	752.000000	927.000000
0.697835	0.614074	0.808056	7443.000000	9211.000000	3028.000000	4931.000000
0.826920	0.772428	0.889685	12783.000000	14368.000000	3866.000000	5005.000000
0.651383	0.529412	0.846380	12088.000000	14282.000000	4221.000000	7973.000000
0.633809	0.474372	0.954679	14640.000000	15335.000000	5738.000000	12096.000000
0.632033	0.484049	0.910342	13961.000000	15336.000000	3065.000000	6332.000000
0.770892	0.713063	0.838929	15542.000000	18526.000000	5830.000000	8176.000000
0.794702	0.694955	0.927882	17498.000000	18858.000000	5372.000000	7730.000000
0.437636	0.307738	0.757293	7139.000000	9427.000000	2060.000000	6694.000000
0.592318	0.433298	0.935731	11473.000000	12261.000000	4872.000000	11244.000000
0.737724	0.632855	0.884250	18915.000000	21391.000000	7231.000000	11426.000000
0.238960	0.142255	0.746305	4039.000000	5412.000000	1113.000000	7824.000000
0.721052	0.577131	0.960600	16140.000000	16802.000000	3947.000000	6839.000000
0.675768	0.572042	0.825442	12971.000000	15714.000000	4133.000000	7225.000000
0.760420	0.679258	0.863610	18008.000000	20852.000000	7319.000000	10775.000000
0.688775	0.604021	0.801195	13541.000000	16901.000000	3275.000000	5422.000000
0.737236	0.623000	0.902772	14949.000000	16559.000000	4361.000000	7000.000000
0.757730	0.641225	0.925973	13872.000000	14981.000000	4461.000000	6957.000000
0.480642	0.336135	0.843092	10929.000000	12963.000000	3959.000000	11778.000000
0.667868	0.520056	0.933066	20506.000000	21977.000000	7377.000000	14185.000000
0.538129	0.384357	0.896995	10476.000000	11679.000000	3086.000000	8029.000000
0.471754	0.319670	0.899863	9822.000000	10915.000000	4734.000000	14809.000000
0.829695	0.790853	0.872550	7524.000000	8623.000000	1781.000000	2252.000000
0.844211	0.801127	0.892191	16601.000000	18607.000000	2985.000000	3726.000000
0.699643	0.559694	0.932915	12349.000000	13237.000000	3366.000000	6014.000000
0.403924	0.272255	0.782231	5855.000000	7485.000000	2043.000000	7504.000000
0.788217	0.734704	0.850139	15884.000000	18684.000000	4611.000000	6276.000000
0.427220	0.285376	0.849420	23726.000000	27932.000000	3973.000000	13922.000000
0.686899	0.574933	0.853022	14904.000000	17472.000000	4945.000000	8601.000000
0.845238	0.815246	0.877522	13090.000000	14917.000000	4064.000000	4985.000000
0.494863	0.347877	0.856940	7859.000000	9171.000000	2671.000000	7678.000000
0.663422	0.529200	0.888867	17972.000000	20219.000000	4413.000000	8339.000000
0.723422	0.660478	0.799627	14139.000000	17682.000000	3593.000000	5440.000000
0.491520	0.331766	0.948015	5635.000000	5944.000000	1623.000000	4892.000000
0.537744	0.388136	0.875026	8353.000000	9546.000000	2434.000000	6271.000000
0.659966	0.564408	0.794475	12223.000000	15385.000000	3365.000000	5962.000000
0.682675	0.552790	0.892343	16047.000000	17983.000000	4398.000000	7956.000000
0.697147	0.587161	0.857836	11839.000000	13801.000000	3311.000000	5639.000000
0.775329	0.742009	0.811783	8984.000000	11067.000000	3598.000000	4849.000000
0.665424	0.548942	0.844656	7808.000000	9244.000000	2905.000000	5292.000000
0.517571	0.394889	0.750835	10336.000000	13766.000000	3678.000000	9314.000000
0.561880	0.398097	0.954627	15359.000000	16089.000000	3598.000000	9038.000000
0.384843	0.243701	0.914463	8125.000000	8885.000000	2476.000000	10160.000000
0.709869	0.581069	0.912028	12928.000000	14175.000000	3978.000000	6846.000000
0.510314	0.353108	0.919824	6677.000000	7259.000000	3107.000000	8799.000000
0.702124	0.562287	0.934536	13833.000000	14802.000000	4130.000000	7345.000000
0.548316	0.388387	0.932156	9027.000000	9684.000000	2923.000000	7526.000000
0.622288	0.515089	0.785835	5603.000000	7130.000000	2253.000000	4374.000000
0.648619	0.498084	0.929560	10346.000000	11130.000000	5069.000000	10177.000000
0.617211	0.483612	0.852799	10602.000000	12432.000000	3733.000000	7719.000000
0.705933	0.684010	0.729307	12450.000000	17071.000000	3589.000000	5247.000000
0.710950	0.576939	0.926053	14051.000000	15173.000000	4068.000000	7051.000000
0.902295	0.942265	0.865578	13252.000000	15310.000000	2546.000000	2702.000000
0.537686	0.397668	0.829887	12401.000000	14943.000000	3274.000000	8233.000000
0.549754	0.475147	0.652154	8628.000000	13230.000000	2581.000000	5432.000000
0.730580	0.611545	0.907155	16229.000000	17890.000000	5085.000000	8315.000000
0.759937	0.627862	0.962382	8340.000000	8666.000000	1947.000000	3101.000000
0.711905	0.586369	0.905834	17777.000000	19625.000000	6857.000000	11694.000000
0.737273	0.706453	0.770905	16714.000000	21681.000000	2693.000000	3812.000000
0.794592	0.737144	0.861751	12529.000000	14539.000000	2953.000000	4006.000000
0.828920	0.785868	0.876962	12238.000000	13955.000000	3659.000000	4656.000000
0.683703	0.593484	0.806268	7924.000000	9828.000000	3698.000000	6231.000000
0.778378	0.715017	0.854059	11277.000000	13204.000000	5866.000000	8204.000000
0.761078	0.768510	0.753789	17558.000000	23293.000000	4017.000000	5227.000000
0.723801	0.617996	0.873319	17924.000000	20524.000000	4533.000000	7335.000000
0.523645	0.367369	0.911307	9011.000000	9888.000000	2720.000000	7404.000000
0.658124	0.519939	0.896350	10092.000000	11259.000000	3403.000000	6545.000000
0.832258	0.767950	0.908320	13286.000000	14627.000000	3690.000000	4805.000000
0.745303	0.627619	0.917307	12535.000000	13665.000000	3595.000000	5728.000000
0.827014	0.759315	0.907966	19889.000000	21905.000000	7010.000000	9232.000000
0.571915	0.410590	0.942057	16242.000000	17241.000000	4257.000000	10368.000000
0.723706	0.588482	0.939615	18050.000000	19210.000000	6172.000000	10488.000000
0.793218	0.736853	0.858920	12913.000000	15034.000000	3559.000000	4830.000000
0.712901	0.630135	0.820697	16345.000000	19916.000000	3789.000000	6013.000000
0.873940	0.836900	0.914409	17350.000000	18974.000000	3402.000000	4065.000000
0.767641	0.703783	0.844243	20120.000000	23832.000000	5581.000000	7930.000000
0.608252	0.462071	0.889726	14652.000000	16468.000000	4806.000000	10401.000000
0.675827	0.560365	0.851221	10041.000000	11796.000000	4363.000000	7786.000000
0.868749	0.870819	0.866689	12749.000000	14710.000000	3775.000000	4335.000000
0.826135	0.758069	0.907628	23582.000000	25982.000000	7492.000000	9883.000000
0.737263	0.592325	0.976109	18631.000000	19087.000000	4924.000000	8313.000000
0.711373	0.589500	0.896772	15889.000000	17718.000000	3728.000000	6324.000000
0.651747	0.522199	0.866780	11770.000000	13579.000000	4446.000000	8514.000000
0.627715	0.532637	0.764113	13657.000000	17873.000000	3876.000000	7277.000000
0.756285	0.699141	0.823601	9450.000000	11474.000000	2361.000000	3377.000000
0.557716	0.401398	0.913440	14626.000000	16012.000000	4765.000000	11871.000000
0.797563	0.693960	0.937528	26863.000000	28653.000000	7560.000000	10894.000000
0.835020	0.772502	0.908547	9269.000000	10202.000000	1871.000000	2422.000000
0.426831	0.274960	0.953468	8811.000000	9241.000000	2597.000000	9445.000000
0.582762	0.439601	0.864201	8623.000000	9978.000000	3126.000000	7111.000000
0.474406	0.336147	0.805862	12702.000000	15762.000000	3465.000000	10308.000000
0.362291	0.225467	0.921499	7501.000000	8140.000000	1521.000000	6746.000000
0.505319	0.348305	0.920095	8567.000000	9311.000000	2753.000000	7904.000000
0.724999	0.601583	0.912121	15050.000000	16500.000000	5244.000000	8717.000000
0.719852	0.591846	0.918511	15273.000000	16628.000000	5487.000000	9271.000000
0.620797	0.474009	0.899282	4134.000000	4597.000000	1076.000000	2270.000000
0.714493	0.696431	0.733517	15453.000000	21067.000000	5600.000000	8041.000000
0.736775	0.596080	0.964409	18697.000000	19387.000000	5748.000000	9643.000000
0.743547	0.700454	0.792289	7480.000000	9441.000000	2004.000000	2861.000000
0.517863	0.377275	0.825466	1329.000000	1610.000000	684.000000	1813.000000
0.786845	0.716747	0.872140	17953.000000	20585.000000	5825.000000	8127.000000
0.788702	0.903285	0.699917	14300.000000	20431.000000	3960.000000	4384.000000
0.616103	0.487702	0.836276	11983.000000	14329.000000	3252.000000	6668.000000
0.710451	0.568678	0.946390	17406.000000	18392.000000	3544.000000	6232.000000
0.620301	0.492063	0.838936	6089.000000	7258.000000	1922.000000	3906.000000
0.736636	0.631632	0.883513	16929.000000	19161.000000	5619.000000	8896.000000
0.833553	0.783560	0.890359	19847.000000	22291.000000	5405.000000	6898.000000
0.571251	0.443758	0.801535	7730.000000	9644.000000	2659.000000	5992.000000
0.577801	0.411735	0.968382	9709.000000	10026.000000	2421.000000	5880.000000
0.422737	0.282537	0.839126	9175.000000	10934.000000	2922.000000	10342.000000
0.388376	0.250108	0.868533	10022.000000	11539.000000	2900.000000	11595.000000
0.641943	0.497467	0.904683	10393.000000	11488.000000	3633.000000	7303.000000
0.775164	0.673221	0.913491	12967.000000	14195.000000	4314.000000	6408.000000
0.772388	0.660382	0.930148	18123.000000	19484.000000	5394.000000	8168.000000
0.615722	0.452468	0.963280	11464.000000	11901.000000	2475.000000	5470.000000
0.807408	0.759498	0.861769	15542.000000	18035.000000	6057.000000	7975.000000
0.777370	0.690977	0.888455	13437.000000	15124.000000	5031.000000	7281.000000
0.750290	0.619108	0.952011	23012.000000	24172.000000	7828.000000	12644.000000
0.514764	0.377540	0.808699	8032.000000	9932.000000	2508.000000	6643.000000
0.550774	0.386592	0.957355	11786.000000	12311.000000	2618.000000	6772.000000
0.666887	0.530143	0.898693	20421.000000	22723.000000	5927.000000	11180.000000
0.493354	0.332894	0.952445	11276.000000	11839.000000	3537.000000	10625.000000
0.843407	0.787559	0.907779	23654.000000	26057.000000	6647.000000	8440.000000
0.666251	0.596987	0.753697	10092.000000	13390.000000	3487.000000	5841.000000
0.732235	0.632510	0.869292	17704.000000	20366.000000	7864.000000	12433.000000
0.788305	0.694086	0.912120	15382.000000	16864.000000	4143.000000	5969.000000
0.817118	0.744431	0.905535	20629.000000	22781.000000	5447.000000	7317.000000
0.818627	0.708810	0.968711	24613.000000	25408.000000	6010.000000	8479.000000
0.699531	0.566408	0.914456	20685.000000	22620.000000	6930.000000	12235.000000
0.713112	0.626496	0.827522	13741.000000	16605.000000	4502.000000	7186.000000
0.679336	0.605350	0.773925	9308.000000	12027.000000	2376.000000	3925.000000
0.756169	0.645658	0.912321	27834.000000	30509.000000	8001.000000	12392.000000
0.553131	0.396684	0.913341	12542.000000	13732.000000	4187.000000	10555.000000
0.777721	0.683331	0.902366	13346.000000	14790.000000	4087.000000	5981.000000
0.840376	0.920290	0.773232	20053.000000	25934.000000	5588.000000	6072.000000
0.777935	0.698422	0.877879	9683.000000	11030.000000	2346.000000	3359.000000
0.687680	0.555929	0.901275	10389.000000	11527.000000	3310.000000	5954.000000
0.667551	0.544577	0.862261	10661.000000	12364.000000	2822.000000	5182.000000
0.725316	0.593070	0.933466	11757.000000	12595.000000	2208.000000	3723.000000
0.453147	0.298076	0.944532	7220.000000	7644.000000	2029.000000	6807.000000
0.687586	0.577904	0.848654	13497.000000	15904.000000	6617.000000	11450.000000
0.635210	0.550279	0.751141	10039.000000	13365.000000	3349.000000	6086.000000
0.732185	0.627264	0.879255	11418.000000	12986.000000	3359.000000	5355.000000
0.681184	0.690805	0.671827	9114.000000	13566.000000	2051.000000	2969.000000
0.632354	0.486077	0.904569	12730.000000	14073.000000	3910.000000	8044.000000
0.752024	0.760381	0.743849	10733.000000	14429.000000	2234.000000	2938.000000
0.797873	0.723726	0.888947	16866.000000	18973.000000	4786.000000	6613.000000
0.800535	0.735844	0.877699	18458.000000	21030.000000	7641.000000	10384.000000
0.658805	0.537129	0.851753	15036.000000	17653.000000	4217.000000	7851.000000
0.550890	0.455875	0.695940	3257.000000	4680.000000	873.000000	1915.000000
0.361512	0.223156	0.951336	7194.000000	7562.000000	1752.000000	7851.000000
0.554992	0.406469	0.874554	16411.000000	18765.000000	4763.000000	11718.000000
0.707585	0.603694	0.854666	15625.000000	18282.000000	4870.000000	8067.000000
0.742119	0.612087	0.942303	34901.000000	37038.000000	6239.000000	10193.000000
0.841720	0.813132	0.872392	21576.000000	24732.000000	5709.000000	7021.000000
0.514151	0.390667	0.751775	14401.000000	19156.000000	3600.000000	9215.000000
0.642185	0.526638	0.822686	10045.000000	12210.000000	3183.000000	6044.000000
0.712135	0.662561	0.769729	6184.000000	8034.000000	2313.000000	3491.000000
0.734302	0.693222	0.780558	15441.000000	19782.000000	5073.000000	7318.000000
0.839913	0.770502	0.923068	15310.000000	16586.000000	3777.000000	4902.000000
0.777908	0.690693	0.890331	11041.000000	12401.000000	3421.000000	4953.000000
0.735210	0.633662	0.875516	15684.000000	17914.000000	4115.000000	6494.000000
0.686298	0.611340	0.782208	19441.000000	24854.000000	5348.000000	8748.000000
0.677785	0.713258	0.645674	2358.000000	3652.000000	694.000000	973.000000
0.809716	0.738296	0.896432	16783.000000	18722.000000	5504.000000	7455.000000
0.636388	0.484435	0.927234	19764.000000	21315.000000	8419.000000	17379.000000
0.427000	0.285299	0.848353	10327.000000	12173.000000	5011.000000	17564.000000
0.783394	0.654920	0.974572	11958.000000	12270.000000	3401.000000	5193.000000
0.545584	0.396554	0.874073	8482.000000	9704.000000	2854.000000	7197.000000
0.464178	0.310870	0.915829	7649.000000	8352.000000	2002.000000	6440.000000
0.431135	0.286977	0.866314	10809.000000	12477.000000	3442.000000	11994.000000
0.745939	0.629650	0.914911	12634.000000	13809.000000	3385.000000	5376.000000
