0.651260	0.970234	0.490126	8687.000000	17724.000000	1532.000000	1579.000000
0.207200	0.840041	0.118174	1872.000000	15841.000000	814.000000	969.000000
0.438278	0.961254	0.283848	6302.000000	22202.000000	1687.000000	1755.000000
0.643137	0.936098	0.489837	6049.000000	12349.000000	1377.000000	1471.000000
0.000000	1.000000	0.000000	0.000000	25076.000000	0.000000	0.000000
0.453634	0.898340	0.303428	2452.000000	8081.000000	433.000000	482.000000
0.475100	0.730277	0.352076	2824.000000	8021.000000	685.000000	938.000000
0.402681	0.979434	0.253439	2266.000000	8941.000000	762.000000	778.000000
0.578502	1.000000	0.406967	5304.000000	13033.000000	979.000000	979.000000
0.543523	0.672602	0.456010	4188.000000	9184.000000	1171.000000	1741.000000
0.381661	0.587519	0.282631	3274.000000	11584.000000	772.000000	1314.000000
0.770055	0.836184	0.713619	5507.000000	7717.000000	1271.000000	1520.000000
0.553728	0.622263	0.498791	5778.000000	11584.000000	1364.000000	2192.000000
0.634774	0.983189	0.468685	8501.000000	18138.000000	2047.000000	2082.000000
0.880733	0.960511	0.813191	13895.000000	17087.000000	2481.000000	2583.000000
0.933277	0.950272	0.916879	14395.000000	15700.000000	2618.000000	2755.000000
0.470403	0.995311	0.307980	5017.000000	16290.000000	849.000000	853.000000
0.705959	0.944327	0.563675	11902.000000	21115.000000	3138.000000	3323.000000
0.809514	0.927419	0.718206	9002.000000	12534.000000	2530.000000	2728.000000
0.784454	0.832302	0.741809	9237.000000	12452.000000	2556.000000	3071.000000
0.604852	0.549625	0.672418	5339.000000	7940.000000	1833.000000	3335.000000
0.664091	0.725531	0.612245	6150.000000	10045.000000	2083.000000	2871.000000
0.753709	0.857482	0.672343	11095.000000	16502.000000	3255.000000	3796.000000
0.556389	0.785093	0.430872	8829.000000	20491.000000	1896.000000	2415.000000
0.000000	1.000000	0.000000	0.000000	6444.000000	0.000000	0.000000
0.000000	1.000000	0.000000	0.000000	5634.000000	0.000000	0.000000
0.807564	0.996612	0.678802	6936.000000	10218.000000	1471.000000	1476.000000
0.698982	0.870556	0.583903	5042.000000	8635.000000	2522.000000	2897.000000
0.877585	1.000000	0.781873	2864.000000	3663.000000	577.000000	577.000000
0.253118	0.802491	0.150255	1384.000000	9211.000000	451.000000	562.000000
0.786640	0.983410	0.655484	9418.000000	14368.000000	1719.000000	1748.000000
0.653102	0.957129	0.495659	7079.000000	14282.000000	1920.000000	2006.000000
0.763821	0.832458	0.705641	10821.000000	15335.000000	3170.000000	3808.000000
0.773574	0.990202	0.634716	9734.000000	15336.000000	1718.000000	1735.000000
0.710199	0.929290	0.574706	10647.000000	18526.000000	2865.000000	3083.000000
0.748597	0.972240	0.608601	11477.000000	18858.000000	2977.000000	3062.000000
0.612861	1.000000	0.441816	4165.000000	9427.000000	1023.000000	1023.000000
0.588360	0.819716	0.458853	5626.000000	12261.000000	1846.000000	2252.000000
0.587906	0.896799	0.437287	9354.000000	21391.000000	2998.000000	3343.000000
0.287648	0.399050	0.224871	1217.000000	5412.000000	336.000000	842.000000
0.743496	0.943820	0.613320	10305.000000	16802.000000	2268.000000	2403.000000
0.658278	0.763529	0.578529	9091.000000	15714.000000	2596.000000	3400.000000
0.710426	0.927911	0.575532	12001.000000	20852.000000	4016.000000	4328.000000
0.527359	0.920678	0.369505	6245.000000	16901.000000	1358.000000	1475.000000
0.762557	0.903183	0.659822	10926.000000	16559.000000	2696.000000	2985.000000
0.800704	1.000000	0.667646	10002.000000	14981.000000	2622.000000	2622.000000
0.513857	0.659725	0.420813	5455.000000	12963.000000	1679.000000	2545.000000
0.327455	0.855389	0.202484	4450.000000	21977.000000	1254.000000	1466.000000
0.745922	0.906791	0.633530	7399.000000	11679.000000	1362.000000	1502.000000
0.556837	0.781431	0.432524	4721.000000	10915.000000	2020.000000	2585.000000
0.556221	0.701073	0.460976	3975.000000	8623.000000	849.000000	1211.000000
0.808165	0.916667	0.722631	13446.000000	18607.000000	2277.000000	2484.000000
0.816371	0.984655	0.697212	9229.000000	13237.000000	1925.000000	1955.000000
0.573248	0.939666	0.412425	3087.000000	7485.000000	732.000000	779.000000
0.618899	0.962845	0.456005	8520.000000	18684.000000	2125.000000	2207.000000
0.658246	0.719130	0.606867	16951.000000	27932.000000	2545.000000	3539.000000
0.597645	0.795217	0.478709	8364.000000	17472.000000	2361.000000	2969.000000
0.633772	0.974153	0.469665	7006.000000	14917.000000	2186.000000	2244.000000
0.641489	0.936015	0.487951	4475.000000	9171.000000	1024.000000	1094.000000
0.575603	0.954777	0.411989	8330.000000	20219.000000	1499.000000	1570.000000
0.699037	0.904695	0.569562	10071.000000	17682.000000	1927.000000	2130.000000
0.843115	0.830940	0.855653	5086.000000	5944.000000	1273.000000	1532.000000
0.810706	0.992261	0.685313	6542.000000	9546.000000	1795.000000	1809.000000
0.704384	0.903173	0.577316	8882.000000	15385.000000	2220.000000	2458.000000
0.640213	0.754443	0.556025	9999.000000	17983.000000	2080.000000	2757.000000
0.755807	0.893646	0.654808	9037.000000	13801.000000	1983.000000	2219.000000
0.730309	0.901590	0.613716	6792.000000	11067.000000	1814.000000	2012.000000
0.641019	0.986333	0.474794	4389.000000	9244.000000	866.000000	878.000000
0.370844	0.639429	0.261151	3595.000000	13766.000000	986.000000	1542.000000
0.842234	0.881116	0.806638	12978.000000	16089.000000	2305.000000	2616.000000
0.697380	0.845624	0.593360	5272.000000	8885.000000	1227.000000	1451.000000
0.756895	0.979890	0.616578	8740.000000	14175.000000	2144.000000	2188.000000
0.636710	0.654127	0.620196	4502.000000	7259.000000	1878.000000	2871.000000
0.717569	0.961520	0.572355	8472.000000	14802.000000	2049.000000	2131.000000
0.634363	0.812375	0.520343	5039.000000	9684.000000	1221.000000	1503.000000
0.226974	0.695291	0.135624	967.000000	7130.000000	251.000000	361.000000
0.806068	0.835009	0.779066	8671.000000	11130.000000	3654.000000	4376.000000
0.765238	0.879174	0.677445	8422.000000	12432.000000	2343.000000	2665.000000
0.454527	0.874436	0.307070	5242.000000	17071.000000	1163.000000	1330.000000
0.843794	0.942820	0.763593	11586.000000	15173.000000	2869.000000	3043.000000
0.825064	1.000000	0.702221	10751.000000	15310.000000	1967.000000	1967.000000
0.322636	0.996835	0.192465	2876.000000	14943.000000	630.000000	632.000000
0.421002	0.854657	0.279289	3695.000000	13230.000000	835.000000	977.000000
0.506185	0.869143	0.357071	6388.000000	17890.000000	1521.000000	1750.000000
0.820101	0.952030	0.720286	6242.000000	8666.000000	1290.000000	1355.000000
0.677655	0.951312	0.526268	10328.000000	19625.000000	3009.000000	3163.000000
0.498777	0.979458	0.334579	7254.000000	21681.000000	1049.000000	1071.000000
0.612071	0.958015	0.449687	6538.000000	14539.000000	1255.000000	1310.000000
0.772421	0.980174	0.637334	8894.000000	13955.000000	2027.000000	2068.000000
0.613166	0.971207	0.448006	4403.000000	9828.000000	1754.000000	1806.000000
0.610537	0.842535	0.478719	6321.000000	13204.000000	2686.000000	3188.000000
0.691641	0.887903	0.566436	13194.000000	23293.000000	2701.000000	3042.000000
0.667366	0.977501	0.506626	10398.000000	20524.000000	2042.000000	2089.000000
0.549763	0.463792	0.674858	6673.000000	9888.000000	1710.000000	3687.000000
0.459118	0.821459	0.318590	3587.000000	11259.000000	957.000000	1165.000000
0.526573	0.909145	0.370616	5421.000000	14627.000000	1541.000000	1695.000000
0.710541	0.916489	0.580168	7928.000000	13665.000000	1723.000000	1880.000000
0.710520	0.971397	0.560100	12269.000000	21905.000000	3464.000000	3566.000000
0.765217	0.850131	0.695725	11995.000000	17241.000000	2598.000000	3056.000000
0.605614	0.835746	0.474857	9122.000000	19210.000000	2483.000000	2971.000000
0.802647	0.946494	0.696754	10475.000000	15034.000000	2565.000000	2710.000000
0.121356	0.649462	0.066931	1333.000000	19916.000000	302.000000	465.000000
0.866994	0.986916	0.773058	14668.000000	18974.000000	2640.000000	2675.000000
0.733002	0.941681	0.600034	14300.000000	23832.000000	3294.000000	3498.000000
0.688323	0.777977	0.617197	10164.000000	16468.000000	2607.000000	3351.000000
0.698548	0.906609	0.568159	6702.000000	11796.000000	2524.000000	2784.000000
0.643849	0.954620	0.485724	7145.000000	14710.000000	1746.000000	1829.000000
0.723376	0.958867	0.580748	15089.000000	25982.000000	3893.000000	4060.000000
0.618262	0.818397	0.496778	9482.000000	19087.000000	2073.000000	2533.000000
0.725148	0.802552	0.661361	11718.000000	17718.000000	2264.000000	2821.000000
0.629056	0.875652	0.490831	6665.000000	13579.000000	2014.000000	2300.000000
0.627066	0.924816	0.474347	8478.000000	17873.000000	1759.000000	1902.000000
0.782986	0.998108	0.644152	7391.000000	11474.000000	1583.000000	1586.000000
0.636330	0.821616	0.519236	8314.000000	16012.000000	2197.000000	2674.000000
0.841440	0.987578	0.732977	21002.000000	28653.000000	4293.000000	4347.000000
0.833706	0.999184	0.715252	7297.000000	10202.000000	1224.000000	1225.000000
0.758676	0.797429	0.723515	6686.000000	9241.000000	1551.000000	1945.000000
0.341621	0.804162	0.216877	2164.000000	9978.000000	657.000000	817.000000
0.449973	0.888889	0.301231	4748.000000	15762.000000	952.000000	1071.000000
0.753526	0.752508	0.754545	6142.000000	8140.000000	1125.000000	1495.000000
0.552831	0.658424	0.476426	4436.000000	9311.000000	1145.000000	1739.000000
0.520478	0.885892	0.368485	6080.000000	16500.000000	1708.000000	1928.000000
0.658048	0.826150	0.546789	9092.000000	16628.000000	2262.000000	2738.000000
0.726353	0.972875	0.579508	2664.000000	4597.000000	538.000000	553.000000
0.270584	0.961353	0.157450	3317.000000	21067.000000	796.000000	828.000000
0.683297	0.915346	0.545108	10568.000000	19387.000000	2541.000000	2776.000000
0.723071	0.888048	0.609787	5757.000000	9441.000000	1174.000000	1322.000000
0.244454	0.334677	0.192547	310.000000	1610.000000	166.000000	496.000000
0.719862	0.977840	0.569590	11725.000000	20585.000000	2780.000000	2843.000000
0.600758	0.997609	0.429788	8781.000000	20431.000000	2086.000000	2091.000000
0.357439	0.814272	0.228976	3281.000000	14329.000000	833.000000	1023.000000
0.425776	0.974425	0.272401	5010.000000	18392.000000	762.000000	782.000000
0.617434	0.963558	0.454257	3297.000000	7258.000000	899.000000	933.000000
0.694751	0.961829	0.543761	10419.000000	19161.000000	2419.000000	2515.000000
0.724229	0.927469	0.594051	13242.000000	22291.000000	3005.000000	3240.000000
0.517388	0.906588	0.361987	3491.000000	9644.000000	922.000000	1017.000000
0.834695	0.891546	0.784660	7867.000000	10026.000000	1603.000000	1798.000000
0.567872	0.913824	0.411926	4504.000000	10934.000000	1018.000000	1114.000000
0.694906	0.829847	0.597712	6897.000000	11539.000000	1785.000000	2151.000000
0.614075	0.988701	0.445334	5116.000000	11488.000000	1050.000000	1062.000000
0.813514	0.891591	0.748010	10618.000000	14195.000000	2640.000000	2961.000000
0.786778	0.931806	0.680815	13265.000000	19484.000000	3498.000000	3754.000000
0.607459	0.935673	0.449710	5352.000000	11901.000000	960.000000	1026.000000
0.299875	0.884615	0.180538	3256.000000	18035.000000	828.000000	936.000000
0.791547	0.948198	0.679318	10274.000000	15124.000000	2947.000000	3108.000000
0.670042	0.805637	0.573515	13863.000000	24172.000000	3830.000000	4754.000000
0.531298	0.613390	0.468586	4654.000000	9932.000000	1301.000000	2121.000000
0.854249	0.951066	0.775323	9545.000000	12311.000000	1963.000000	2064.000000
0.185588	0.976364	0.102539	2330.000000	22723.000000	537.000000	550.000000
0.776489	0.749006	0.806065	9543.000000	11839.000000	2638.000000	3522.000000
0.694456	0.989388	0.534981	13940.000000	26057.000000	3263.000000	3298.000000
0.485264	0.986175	0.321807	4309.000000	13390.000000	1070.000000	1085.000000
0.534117	0.911733	0.377688	7692.000000	20366.000000	2510.000000	2753.000000
0.689991	0.814843	0.598316	10090.000000	16864.000000	2130.000000	2614.000000
0.744392	0.986772	0.597603	13614.000000	22781.000000	2611.000000	2646.000000
0.855926	0.958202	0.773378	19650.000000	25408.000000	4241.000000	4426.000000
0.637291	0.792466	0.532935	12055.000000	22620.000000	3471.000000	4380.000000
0.441321	0.746032	0.313339	5203.000000	16605.000000	1363.000000	1827.000000
0.658671	0.902959	0.518417	6235.000000	12027.000000	1312.000000	1453.000000
0.712280	0.866139	0.604838	18453.000000	30509.000000	4594.000000	5304.000000
0.699201	0.778261	0.634722	8716.000000	13732.000000	2148.000000	2760.000000
0.721677	0.975260	0.572752	8471.000000	14790.000000	2247.000000	2304.000000
0.481250	0.994953	0.317383	8231.000000	25934.000000	1577.000000	1585.000000
0.582397	0.842975	0.444878	4907.000000	11030.000000	1020.000000	1210.000000
0.690758	0.879198	0.568838	6557.000000	11527.000000	2016.000000	2293.000000
0.662990	0.917027	0.519169	6419.000000	12364.000000	1271.000000	1386.000000
0.667587	0.820906	0.562525	7085.000000	12595.000000	1123.000000	1368.000000
0.520015	0.752868	0.397174	3036.000000	7644.000000	722.000000	959.000000
0.462393	0.772985	0.329854	5246.000000	15904.000000	2043.000000	2643.000000
0.440296	0.934518	0.287991	3849.000000	13365.000000	999.000000	1069.000000
0.697650	0.979824	0.541660	7034.000000	12986.000000	1894.000000	1933.000000
0.616099	0.743845	0.525800	7133.000000	13566.000000	1269.000000	1706.000000
0.564599	0.935791	0.404249	5689.000000	14073.000000	1472.000000	1573.000000
0.688439	0.987368	0.528450	7625.000000	14429.000000	1407.000000	1425.000000
0.721694	0.998614	0.565013	10720.000000	18973.000000	2162.000000	2165.000000
0.581557	0.998933	0.410176	8626.000000	21030.000000	2809.000000	2812.000000
0.711762	0.904185	0.586869	10360.000000	17653.000000	2312.000000	2557.000000
0.700000	1.000000	0.538462	2520.000000	4680.000000	538.000000	538.000000
0.531059	0.424253	0.709733	5367.000000	7562.000000	1165.000000	2746.000000
0.560972	0.524433	0.602984	11315.000000	18765.000000	2404.000000	4584.000000
0.479622	0.923517	0.323925	5922.000000	18282.000000	1292.000000	1399.000000
0.821303	0.898259	0.756493	28019.000000	37038.000000	4282.000000	4767.000000
0.843706	0.985637	0.737506	18240.000000	24732.000000	4392.000000	4456.000000
0.573185	0.842747	0.434276	8319.000000	19156.000000	1865.000000	2213.000000
0.613893	0.703604	0.544472	6648.000000	12210.000000	1562.000000	2220.000000
0.558106	0.960481	0.393328	3160.000000	8034.000000	1118.000000	1164.000000
0.643641	0.845977	0.519412	10275.000000	19782.000000	2944.000000	3480.000000
0.801735	0.933476	0.702580	11653.000000	16586.000000	2175.000000	2330.000000
0.532339	1.000000	0.362713	4498.000000	12401.000000	908.000000	908.000000
0.750966	0.985161	0.606732	10869.000000	17914.000000	2390.000000	2426.000000
0.547400	0.787532	0.419490	10426.000000	24854.000000	2476.000000	3144.000000
0.719495	1.000000	0.561884	2052.000000	3652.000000	413.000000	413.000000
0.558532	0.995157	0.388206	7268.000000	18722.000000	1644.000000	1652.000000
0.070123	0.982079	0.036359	775.000000	21315.000000	274.000000	279.000000
0.113477	0.495468	0.064076	780.000000	12173.000000	492.000000	993.000000
0.797829	0.947646	0.688916	8453.000000	12270.000000	2154.000000	2273.000000
0.555442	0.897820	0.402102	3902.000000	9704.000000	1318.000000	1468.000000
0.672996	0.715300	0.635417	5307.000000	8352.000000	1108.000000	1549.000000
0.551076	0.600713	0.509017	6351.000000	12477.000000	1685.000000	2805.000000
0.718417	0.833002	0.631545	8721.000000	13809.000000	2095.000000	2515.000000
