0.605253	0.967810	0.440307	7804.000000	17724.000000	1383.000000	1429.000000
0.054748	0.853583	0.028281	448.000000	15841.000000	274.000000	321.000000
0.000000	1.000000	0.000000	0.000000	22202.000000	0.000000	0.000000
0.597728	0.982125	0.429589	5305.000000	12349.000000	989.000000	1007.000000
0.000000	1.000000	0.000000	0.000000	25076.000000	0.000000	0.000000
0.000000	1.000000	0.000000	0.000000	8081.000000	0.000000	0.000000
0.235517	0.717500	0.140880	1130.000000	8021.000000	287.000000	400.000000
0.402822	0.979434	0.253551	2267.000000	8941.000000	762.000000	778.000000
0.553657	1.000000	0.382798	4989.000000	13033.000000	925.000000	925.000000
0.324664	0.713442	0.210148	1930.000000	9184.000000	483.000000	677.000000
0.385235	0.635364	0.276416	3202.000000	11584.000000	751.000000	1182.000000
0.636561	0.863118	0.504211	3891.000000	7717.000000	908.000000	1052.000000
0.252444	0.585492	0.160912	1864.000000	11584.000000	452.000000	772.000000
0.529191	0.978495	0.362664	6578.000000	18138.000000	1638.000000	1674.000000
0.862145	0.964241	0.779599	13321.000000	17087.000000	2319.000000	2405.000000
0.877951	0.997259	0.784140	12311.000000	15700.000000	2183.000000	2189.000000
0.381636	0.993912	0.236157	3847.000000	16290.000000	653.000000	657.000000
0.426109	0.990169	0.271466	5732.000000	21115.000000	1410.000000	1424.000000
0.784595	0.950129	0.668183	8375.000000	12534.000000	2210.000000	2326.000000
0.789486	0.886373	0.711693	8862.000000	12452.000000	2231.000000	2517.000000
0.490050	0.610731	0.409194	3249.000000	7940.000000	1070.000000	1752.000000
0.570908	0.826575	0.436038	4380.000000	10045.000000	1325.000000	1603.000000
0.731476	0.895391	0.618289	10203.000000	16502.000000	2739.000000	3059.000000
0.464115	0.775390	0.331170	6786.000000	20491.000000	1443.000000	1861.000000
0.000000	1.000000	0.000000	0.000000	6444.000000	0.000000	0.000000
0.000000	1.000000	0.000000	0.000000	5634.000000	0.000000	0.000000
0.000000	1.000000	0.000000	0.000000	10218.000000	0.000000	0.000000
0.575268	0.924764	0.417487	3605.000000	8635.000000	2151.000000	2326.000000
0.877585	1.000000	0.781873	2864.000000	3663.000000	577.000000	577.000000
0.030786	1.000000	0.015633	144.000000	9211.000000	29.000000	29.000000
0.721139	1.000000	0.563892	8102.000000	14368.000000	1489.000000	1489.000000
0.585397	0.997247	0.414298	5917.000000	14282.000000	1449.000000	1453.000000
0.702855	0.914106	0.570916	8755.000000	15335.000000	2320.000000	2538.000000
0.623176	0.998206	0.452986	6947.000000	15336.000000	1113.000000	1115.000000
0.640816	0.927053	0.489636	9071.000000	18526.000000	2529.000000	2728.000000
0.695308	0.996097	0.534044	10071.000000	18858.000000	2552.000000	2562.000000
0.486314	0.998656	0.321417	3030.000000	9427.000000	743.000000	744.000000
0.432059	0.748679	0.303646	3723.000000	12261.000000	992.000000	1325.000000
0.385066	0.898296	0.245056	5242.000000	21391.000000	1740.000000	1937.000000
0.000000	0.000000	0.000000	0.000000	5412.000000	0.000000	321.000000
0.582554	0.980613	0.414355	6962.000000	16802.000000	1568.000000	1599.000000
0.595941	0.793651	0.477090	7497.000000	15714.000000	2100.000000	2646.000000
0.532888	0.934432	0.372722	7772.000000	20852.000000	2494.000000	2669.000000
0.205553	1.000000	0.114549	1936.000000	16901.000000	375.000000	375.000000
0.622985	0.935204	0.467057	7734.000000	16559.000000	1833.000000	1960.000000
0.688236	1.000000	0.524665	7860.000000	14981.000000	1881.000000	1881.000000
0.336348	0.732252	0.218314	2830.000000	12963.000000	1083.000000	1479.000000
0.000000	1.000000	0.000000	0.000000	21977.000000	0.000000	0.000000
0.546932	0.866327	0.399606	4667.000000	11679.000000	849.000000	980.000000
0.252626	0.772992	0.150985	1648.000000	10915.000000	664.000000	859.000000
0.438043	0.637113	0.333759	2878.000000	8623.000000	618.000000	970.000000
0.801129	0.938140	0.699038	13007.000000	18607.000000	2199.000000	2344.000000
0.805708	0.989899	0.679308	8992.000000	13237.000000	1862.000000	1881.000000
0.537765	0.944126	0.375952	2814.000000	7485.000000	659.000000	698.000000
0.523890	0.958001	0.360522	6736.000000	18684.000000	1802.000000	1881.000000
0.585423	0.850051	0.446441	12470.000000	27932.000000	1661.000000	1954.000000
0.411511	0.791858	0.277988	4857.000000	17472.000000	1206.000000	1523.000000
0.452769	0.962169	0.296038	4416.000000	14917.000000	1526.000000	1586.000000
0.498602	0.948107	0.338240	3102.000000	9171.000000	676.000000	713.000000
0.451418	0.939340	0.297097	6007.000000	20219.000000	1053.000000	1121.000000
0.616687	0.883506	0.473646	8375.000000	17682.000000	1532.000000	1734.000000
0.874839	0.899929	0.851110	5059.000000	5944.000000	1259.000000	1399.000000
0.756430	0.991777	0.611356	5836.000000	9546.000000	1568.000000	1581.000000
0.608032	0.957583	0.445434	6853.000000	15385.000000	1648.000000	1721.000000
0.590073	0.732122	0.494189	8887.000000	17983.000000	1853.000000	2531.000000
0.682414	0.888649	0.553873	7644.000000	13801.000000	1644.000000	1850.000000
0.265632	1.000000	0.153158	1695.000000	11067.000000	344.000000	344.000000
0.000000	1.000000	0.000000	0.000000	9244.000000	0.000000	0.000000
0.246861	0.854545	0.144268	1986.000000	13766.000000	517.000000	605.000000
0.777211	0.922515	0.671453	10803.000000	16089.000000	1893.000000	2052.000000
0.674027	0.873609	0.548678	4875.000000	8885.000000	1099.000000	1258.000000
0.553863	0.992366	0.384127	5445.000000	14175.000000	1040.000000	1048.000000
0.634340	0.699958	0.579970	4210.000000	7259.000000	1668.000000	2383.000000
0.619548	0.974838	0.454060	6721.000000	14802.000000	1356.000000	1391.000000
0.442168	0.781893	0.308240	2985.000000	9684.000000	760.000000	972.000000
0.226974	0.695291	0.135624	967.000000	7130.000000	251.000000	361.000000
0.776978	0.861119	0.707817	7878.000000	11130.000000	3001.000000	3485.000000
0.680382	0.937743	0.533864	6637.000000	12432.000000	1687.000000	1799.000000
0.428496	0.953789	0.276317	4717.000000	17071.000000	1032.000000	1082.000000
0.753824	0.947741	0.625783	9495.000000	15173.000000	2140.000000	2258.000000
0.819584	1.000000	0.694317	10630.000000	15310.000000	1940.000000	1940.000000
0.291097	0.996357	0.170448	2547.000000	14943.000000	547.000000	549.000000
0.216140	1.000000	0.121164	1603.000000	13230.000000	321.000000	321.000000
0.403777	0.972512	0.254779	4558.000000	17890.000000	1026.000000	1055.000000
0.753212	0.981982	0.610893	5294.000000	8666.000000	1090.000000	1110.000000
0.604228	0.959200	0.441019	8655.000000	19625.000000	2445.000000	2549.000000
0.486651	1.000000	0.321572	6972.000000	21681.000000	1002.000000	1002.000000
0.384353	0.979562	0.239081	3476.000000	14539.000000	671.000000	685.000000
0.730406	0.999438	0.575493	8031.000000	13955.000000	1777.000000	1778.000000
0.569207	0.971504	0.402523	3956.000000	9828.000000	1466.000000	1509.000000
0.497614	0.816145	0.357922	4726.000000	13204.000000	1931.000000	2366.000000
0.474638	0.969338	0.314258	7320.000000	23293.000000	1391.000000	1435.000000
0.449693	0.997305	0.290294	5958.000000	20524.000000	1110.000000	1113.000000
0.590311	0.573344	0.608313	6015.000000	9888.000000	1454.000000	2536.000000
0.000000	1.000000	0.000000	0.000000	11259.000000	0.000000	0.000000
0.360131	0.998913	0.219662	3213.000000	14627.000000	919.000000	920.000000
0.636347	0.903810	0.491035	6710.000000	13665.000000	1447.000000	1601.000000
0.633103	0.975718	0.468569	10264.000000	21905.000000	2853.000000	2924.000000
0.747900	0.903861	0.637840	10997.000000	17241.000000	2341.000000	2590.000000
0.576514	0.910899	0.421707	8101.000000	19210.000000	2198.000000	2413.000000
0.751364	0.947609	0.622456	9358.000000	15034.000000	2279.000000	2405.000000
0.121273	0.649462	0.066881	1332.000000	19916.000000	302.000000	465.000000
0.859645	0.986717	0.761568	14450.000000	18974.000000	2600.000000	2635.000000
0.649439	0.933867	0.497818	11864.000000	23832.000000	2683.000000	2873.000000
0.632687	0.867064	0.498057	8202.000000	16468.000000	2035.000000	2347.000000
0.668488	0.911164	0.527891	6227.000000	11796.000000	2277.000000	2499.000000
0.556574	0.972326	0.389871	5735.000000	14710.000000	1300.000000	1337.000000
0.578369	0.980636	0.410130	10656.000000	25982.000000	2684.000000	2737.000000
0.298144	0.796976	0.183371	3500.000000	19087.000000	738.000000	926.000000
0.677889	0.806491	0.584660	10359.000000	17718.000000	1988.000000	2465.000000
0.544326	0.855155	0.399219	5421.000000	13579.000000	1659.000000	1940.000000
0.602602	0.995633	0.432048	7722.000000	17873.000000	1368.000000	1374.000000
0.766568	1.000000	0.621492	7131.000000	11474.000000	1502.000000	1502.000000
0.280630	0.991701	0.163440	2617.000000	16012.000000	478.000000	482.000000
0.775361	0.994923	0.635187	18200.000000	28653.000000	3723.000000	3742.000000
0.639098	1.000000	0.469614	4791.000000	10202.000000	799.000000	799.000000
0.630589	0.984201	0.463911	4287.000000	9241.000000	1059.000000	1076.000000
0.341870	0.804162	0.217078	2166.000000	9978.000000	657.000000	817.000000
0.144132	0.923944	0.078163	1232.000000	15762.000000	328.000000	355.000000
0.000000	1.000000	0.000000	0.000000	8140.000000	0.000000	0.000000
0.537645	0.749787	0.419074	3902.000000	9311.000000	878.000000	1171.000000
0.280444	1.000000	0.163091	2691.000000	16500.000000	555.000000	555.000000
0.568386	0.846944	0.427712	7112.000000	16628.000000	1732.000000	2045.000000
0.685633	1.000000	0.521645	2398.000000	4597.000000	481.000000	481.000000
0.053857	1.000000	0.027674	583.000000	21067.000000	126.000000	126.000000
0.426082	0.960769	0.273740	5307.000000	19387.000000	1200.000000	1249.000000
0.610984	0.909449	0.460015	4343.000000	9441.000000	924.000000	1016.000000
0.000000	1.000000	0.000000	0.000000	1610.000000	0.000000	0.000000
0.662115	0.983642	0.499004	10272.000000	20585.000000	2285.000000	2323.000000
0.563726	1.000000	0.392492	8019.000000	20431.000000	1826.000000	1826.000000
0.133333	0.565217	0.075581	1083.000000	14329.000000	221.000000	391.000000
0.187181	0.951952	0.103795	1909.000000	18392.000000	317.000000	333.000000
0.562645	0.993856	0.392395	2848.000000	7258.000000	647.000000	651.000000
0.490309	0.997048	0.325087	6229.000000	19161.000000	1351.000000	1355.000000
0.619659	0.944490	0.461083	10278.000000	22291.000000	2297.000000	2432.000000
0.486226	0.896468	0.333575	3217.000000	9644.000000	736.000000	821.000000
0.675219	0.930293	0.529922	5313.000000	10026.000000	1081.000000	1162.000000
0.517641	0.924650	0.359429	3930.000000	10934.000000	859.000000	929.000000
0.621209	0.801892	0.506976	5850.000000	11539.000000	1441.000000	1797.000000
0.000000	1.000000	0.000000	0.000000	11488.000000	0.000000	0.000000
0.778369	0.893945	0.689257	9784.000000	14195.000000	2436.000000	2725.000000
0.632001	0.924943	0.479984	9352.000000	19484.000000	2440.000000	2638.000000
0.469420	0.948324	0.311907	3712.000000	11901.000000	679.000000	716.000000
0.024849	0.578313	0.012698	229.000000	18035.000000	48.000000	83.000000
0.712745	0.995940	0.554946	8393.000000	15124.000000	2208.000000	2217.000000
0.484048	0.823067	0.342835	8287.000000	24172.000000	2512.000000	3052.000000
0.432476	0.594937	0.339710	3374.000000	9932.000000	893.000000	1501.000000
0.785382	0.944629	0.672082	8274.000000	12311.000000	1706.000000	1806.000000
0.185372	0.976364	0.102407	2327.000000	22723.000000	537.000000	550.000000
0.790127	0.900632	0.703776	8332.000000	11839.000000	2139.000000	2375.000000
0.543584	0.988972	0.374794	9766.000000	26057.000000	2242.000000	2267.000000
0.431550	0.994299	0.275579	3690.000000	13390.000000	872.000000	877.000000
0.243920	0.898374	0.141118	2874.000000	20366.000000	884.000000	984.000000
0.626704	0.794480	0.517434	8726.000000	16864.000000	1871.000000	2355.000000
0.685364	0.996225	0.522365	11900.000000	22781.000000	2111.000000	2119.000000
0.737718	0.980271	0.591389	15026.000000	25408.000000	3180.000000	3244.000000
0.572872	0.810870	0.442882	10018.000000	22620.000000	2581.000000	3183.000000
0.252289	1.000000	0.144354	2397.000000	16605.000000	481.000000	481.000000
0.658487	0.902271	0.518417	6235.000000	12027.000000	1311.000000	1453.000000
0.594677	0.915915	0.440264	13432.000000	30509.000000	3148.000000	3437.000000
0.630492	0.830993	0.507938	6975.000000	13732.000000	1598.000000	1923.000000
0.615544	0.980649	0.448546	6634.000000	14790.000000	1723.000000	1757.000000
0.473342	0.994768	0.310558	8054.000000	25934.000000	1521.000000	1529.000000
0.608350	0.966443	0.443880	4896.000000	11030.000000	1008.000000	1043.000000
0.624411	0.894600	0.479570	5528.000000	11527.000000	1723.000000	1926.000000
0.576097	0.975364	0.408767	5054.000000	12364.000000	871.000000	893.000000
0.654268	0.857847	0.528781	6660.000000	12595.000000	1044.000000	1217.000000
0.000000	1.000000	0.000000	0.000000	7644.000000	0.000000	0.000000
0.299640	0.849430	0.181904	2893.000000	15904.000000	1117.000000	1315.000000
0.262871	0.963855	0.152189	2034.000000	13365.000000	480.000000	498.000000
0.674792	0.979128	0.514785	6685.000000	12986.000000	1595.000000	1629.000000
0.496277	0.722267	0.378004	5128.000000	13566.000000	905.000000	1253.000000
0.375880	1.000000	0.231436	3257.000000	14073.000000	776.000000	776.000000
0.000000	1.000000	0.000000	0.000000	14429.000000	0.000000	0.000000
0.597605	1.000000	0.426132	8085.000000	18973.000000	1560.000000	1560.000000
0.505784	0.998979	0.338612	7121.000000	21030.000000	1957.000000	1959.000000
0.652701	0.997841	0.484960	8561.000000	17653.000000	1849.000000	1853.000000
0.321377	1.000000	0.191453	896.000000	4680.000000	213.000000	213.000000
0.502548	0.607617	0.428458	3240.000000	7562.000000	686.000000	1129.000000
0.515796	0.573506	0.468638	8794.000000	18765.000000	1459.000000	2544.000000
0.421380	1.000000	0.266929	4880.000000	18282.000000	1000.000000	1000.000000
0.722179	0.884414	0.610238	22602.000000	37038.000000	3382.000000	3824.000000
0.801140	0.984494	0.675360	16703.000000	24732.000000	4000.000000	4063.000000
0.551055	0.916443	0.393976	7547.000000	19156.000000	1711.000000	1867.000000
0.510959	0.842941	0.366585	4476.000000	12210.000000	1009.000000	1197.000000
0.539974	0.954987	0.376400	3024.000000	8034.000000	1082.000000	1133.000000
0.468430	0.952038	0.310636	6145.000000	19782.000000	1588.000000	1668.000000
0.648266	0.958498	0.489750	8123.000000	16586.000000	1455.000000	1518.000000
0.476442	1.000000	0.312717	3878.000000	12401.000000	784.000000	784.000000
0.718284	0.983402	0.565759	10135.000000	17914.000000	2133.000000	2169.000000
0.457932	0.786204	0.323047	8029.000000	24854.000000	1835.000000	2334.000000
0.719495	1.000000	0.561884	2052.000000	3652.000000	413.000000	413.000000
0.000000	1.000000	0.000000	0.000000	18722.000000	0.000000	0.000000
0.000000	1.000000	0.000000	0.000000	21315.000000	0.000000	0.000000
0.080540	0.642241	0.042964	523.000000	12173.000000	298.000000	464.000000
0.783954	0.990760	0.648574	7958.000000	12270.000000	1930.000000	1948.000000
0.525507	0.884675	0.373763	3627.000000	9704.000000	1143.000000	1292.000000
0.503602	0.864023	0.355364	2968.000000	8352.000000	610.000000	706.000000
0.466641	0.880907	0.317384	3960.000000	12477.000000	932.000000	1058.000000
0.649695	0.864319	0.520458	7187.000000	13809.000000	1669.000000	1931.000000
