0.629299	0.875427	0.491198	8706.000000	17724.000000	1539.000000	1758.000000
0.540752	0.814567	0.404709	6411.000000	15841.000000	2315.000000	2842.000000
0.540473	0.901067	0.386001	8570.000000	22202.000000	2450.000000	2719.000000
0.649167	0.866741	0.518908	6408.000000	12349.000000	1561.000000	1801.000000
0.173023	0.876248	0.095988	2407.000000	25076.000000	439.000000	501.000000
0.460046	0.900000	0.308996	2497.000000	8081.000000	441.000000	490.000000
0.529751	0.745265	0.410921	3296.000000	8021.000000	787.000000	1056.000000
0.402822	0.979434	0.253551	2267.000000	8941.000000	762.000000	778.000000
0.594976	1.000000	0.423464	5519.000000	13033.000000	1021.000000	1021.000000
0.500396	0.549445	0.459386	4219.000000	9184.000000	1189.000000	2164.000000
0.371006	0.530293	0.285307	3305.000000	11584.000000	779.000000	1469.000000
0.603500	0.523241	0.712842	5501.000000	7717.000000	1272.000000	2431.000000
0.633047	0.624008	0.642352	7441.000000	11584.000000	1809.000000	2899.000000
0.639882	0.983287	0.474253	8602.000000	18138.000000	2118.000000	2154.000000
0.876521	0.928288	0.830222	14186.000000	17087.000000	2576.000000	2775.000000
0.933310	0.950272	0.916943	14396.000000	15700.000000	2618.000000	2755.000000
0.470546	0.995311	0.308103	5019.000000	16290.000000	849.000000	853.000000
0.717781	0.942130	0.579730	12241.000000	21115.000000	3256.000000	3456.000000
0.825399	0.929573	0.742221	9303.000000	12534.000000	2719.000000	2925.000000
0.751574	0.738595	0.765018	9526.000000	12452.000000	2817.000000	3814.000000
0.618263	0.537023	0.728463	5784.000000	7940.000000	2067.000000	3849.000000
0.659600	0.699642	0.623892	6267.000000	10045.000000	2150.000000	3073.000000
0.774689	0.836198	0.721610	11908.000000	16502.000000	3844.000000	4597.000000
0.557547	0.785979	0.431995	8852.000000	20491.000000	1906.000000	2425.000000
0.000000	1.000000	0.000000	0.000000	6444.000000	0.000000	0.000000
0.000000	1.000000	0.000000	0.000000	5634.000000	0.000000	0.000000
0.803866	0.983367	0.679781	6946.000000	10218.000000	1478.000000	1503.000000
0.699544	0.865667	0.586914	5068.000000	8635.000000	2539.000000	2933.000000
0.877413	1.000000	0.781600	2863.000000	3663.000000	577.000000	577.000000
0.253580	0.802491	0.150581	1387.000000	9211.000000	451.000000	562.000000
0.792880	0.971916	0.669543	9620.000000	14368.000000	1765.000000	1816.000000
0.669534	0.950641	0.516734	7380.000000	14282.000000	2003.000000	2107.000000
0.805879	0.816876	0.795174	12194.000000	15335.000000	3640.000000	4456.000000
0.831560	0.990798	0.716419	10987.000000	15336.000000	1938.000000	1956.000000
0.720871	0.912376	0.595811	11038.000000	18526.000000	3030.000000	3321.000000
0.785781	0.955193	0.667409	12586.000000	18858.000000	3283.000000	3437.000000
0.622790	1.000000	0.452212	4263.000000	9427.000000	1048.000000	1048.000000
0.638485	0.797323	0.532420	6528.000000	12261.000000	2085.000000	2615.000000
0.657661	0.806131	0.555374	11880.000000	21391.000000	3813.000000	4730.000000
0.288609	0.337603	0.252033	1364.000000	5412.000000	369.000000	1093.000000
0.789514	0.938730	0.681228	11446.000000	16802.000000	2528.000000	2693.000000
0.663000	0.760657	0.587565	9233.000000	15714.000000	2641.000000	3472.000000
0.744738	0.932551	0.619893	12926.000000	20852.000000	4452.000000	4774.000000
0.532544	0.921529	0.374475	6329.000000	16901.000000	1374.000000	1491.000000
0.790625	0.900031	0.704934	11673.000000	16559.000000	2899.000000	3221.000000
0.854147	0.993024	0.749349	11226.000000	14981.000000	3274.000000	3297.000000
0.506411	0.635196	0.421045	5458.000000	12963.000000	1682.000000	2648.000000
0.492253	0.804132	0.354689	7795.000000	21977.000000	2102.000000	2614.000000
0.786996	0.911461	0.692439	8087.000000	11679.000000	1503.000000	1649.000000
0.561357	0.728445	0.456619	4984.000000	10915.000000	2146.000000	2946.000000
0.556221	0.701073	0.460976	3975.000000	8623.000000	849.000000	1211.000000
0.817010	0.917787	0.736175	13698.000000	18607.000000	2322.000000	2530.000000
0.818202	0.978066	0.703256	9309.000000	13237.000000	1962.000000	2006.000000
0.672486	0.912621	0.532398	3985.000000	7485.000000	940.000000	1030.000000
0.807401	0.958320	0.697549	13033.000000	18684.000000	3012.000000	3143.000000
0.635667	0.658107	0.614707	17170.000000	27932.000000	2614.000000	3972.000000
0.649233	0.797028	0.547676	9569.000000	17472.000000	2682.000000	3365.000000
0.634186	0.973801	0.470202	7014.000000	14917.000000	2193.000000	2252.000000
0.642120	0.838332	0.520336	4772.000000	9171.000000	1146.000000	1367.000000
0.602891	0.913043	0.450022	9099.000000	20219.000000	1722.000000	1886.000000
0.699117	0.904963	0.569562	10071.000000	17682.000000	1933.000000	2136.000000
0.843182	0.829332	0.857503	5097.000000	5944.000000	1278.000000	1541.000000
0.815769	0.992341	0.692541	6611.000000	9546.000000	1814.000000	1828.000000
0.718624	0.858254	0.618070	9509.000000	15385.000000	2428.000000	2829.000000
0.681546	0.783878	0.602847	10841.000000	17983.000000	2470.000000	3151.000000
0.756520	0.890277	0.657706	9077.000000	13801.000000	1996.000000	2242.000000
0.730635	0.902584	0.613716	6792.000000	11067.000000	1816.000000	2012.000000
0.640975	0.985194	0.475011	4391.000000	9244.000000	865.000000	878.000000
0.431221	0.546693	0.356022	4901.000000	13766.000000	1364.000000	2495.000000
0.822196	0.817727	0.826714	13301.000000	16089.000000	2454.000000	3001.000000
0.690449	0.748362	0.640855	5694.000000	8885.000000	1371.000000	1832.000000
0.762116	0.963232	0.630476	8937.000000	14175.000000	2253.000000	2339.000000
0.636731	0.618060	0.656564	4766.000000	7259.000000	1937.000000	3134.000000
0.740817	0.957839	0.603972	8940.000000	14802.000000	2181.000000	2277.000000
0.658077	0.759156	0.580752	5624.000000	9684.000000	1368.000000	1802.000000
0.222072	0.506446	0.142216	1014.000000	7130.000000	275.000000	543.000000
0.796525	0.807542	0.785804	8746.000000	11130.000000	3726.000000	4614.000000
0.767199	0.878675	0.680824	8464.000000	12432.000000	2361.000000	2687.000000
0.598146	0.887360	0.451116	7701.000000	17071.000000	1741.000000	1962.000000
0.847257	0.943846	0.768602	11662.000000	15173.000000	2891.000000	3063.000000
0.825200	1.000000	0.702417	10754.000000	15310.000000	1967.000000	1967.000000
0.322918	0.996835	0.192665	2879.000000	14943.000000	630.000000	632.000000
0.416124	0.786372	0.282918	3743.000000	13230.000000	854.000000	1086.000000
0.536475	0.861357	0.389547	6969.000000	17890.000000	1752.000000	2034.000000
0.835824	0.926252	0.761482	6599.000000	8666.000000	1369.000000	1478.000000
0.703714	0.929270	0.566268	11113.000000	19625.000000	3324.000000	3577.000000
0.616065	0.983950	0.448411	9722.000000	21681.000000	1410.000000	1433.000000
0.649231	0.956280	0.491437	7145.000000	14539.000000	1378.000000	1441.000000
0.780791	0.980859	0.648513	9050.000000	13955.000000	2101.000000	2142.000000
0.636744	0.959396	0.476496	4683.000000	9828.000000	2032.000000	2118.000000
0.622580	0.845361	0.492729	6506.000000	13204.000000	2870.000000	3395.000000
0.692397	0.883796	0.569141	13257.000000	23293.000000	2738.000000	3098.000000
0.697198	0.970361	0.544046	11166.000000	20524.000000	2259.000000	2328.000000
0.551685	0.462374	0.683758	6761.000000	9888.000000	1745.000000	3774.000000
0.572693	0.861167	0.428990	4830.000000	11259.000000	1284.000000	1491.000000
0.526534	0.909735	0.370479	5419.000000	14627.000000	1542.000000	1695.000000
0.748441	0.923604	0.629126	8597.000000	13665.000000	1886.000000	2042.000000
0.739414	0.943216	0.608035	13319.000000	21905.000000	4053.000000	4297.000000
0.736669	0.761094	0.713764	12306.000000	17241.000000	2727.000000	3583.000000
0.693249	0.834342	0.592972	11391.000000	19210.000000	3032.000000	3634.000000
0.801295	0.940681	0.697885	10492.000000	15034.000000	2569.000000	2731.000000
0.189660	0.673759	0.110364	2198.000000	19916.000000	475.000000	705.000000
0.878580	0.985875	0.792347	15034.000000	18974.000000	2722.000000	2761.000000
0.733574	0.942017	0.600663	14315.000000	23832.000000	3298.000000	3501.000000
0.687083	0.727602	0.650838	10718.000000	16468.000000	2810.000000	3862.000000
0.715950	0.852396	0.617158	7280.000000	11796.000000	2899.000000	3401.000000
0.719228	0.952780	0.577634	8497.000000	14710.000000	2159.000000	2266.000000
0.786983	0.948204	0.672620	17476.000000	25982.000000	4540.000000	4788.000000
0.701920	0.843293	0.601142	11474.000000	19087.000000	2540.000000	3012.000000
0.750253	0.806004	0.701716	12433.000000	17718.000000	2497.000000	3098.000000
0.635911	0.878851	0.498196	6765.000000	13579.000000	2111.000000	2402.000000
0.627451	0.923520	0.475130	8492.000000	17873.000000	1763.000000	1909.000000
0.791181	0.997531	0.655569	7522.000000	11474.000000	1616.000000	1620.000000
0.754132	0.816099	0.700912	11223.000000	16012.000000	2849.000000	3491.000000
0.855082	0.967120	0.766307	21957.000000	28653.000000	4618.000000	4775.000000
0.849288	0.999214	0.738483	7534.000000	10202.000000	1271.000000	1272.000000
0.776752	0.751363	0.803917	7429.000000	9241.000000	1792.000000	2385.000000
0.496025	0.850711	0.350070	3493.000000	9978.000000	1077.000000	1266.000000
0.448766	0.867857	0.302627	4770.000000	15762.000000	972.000000	1120.000000
0.730840	0.707606	0.755651	6151.000000	8140.000000	1135.000000	1604.000000
0.605036	0.684932	0.541832	5045.000000	9311.000000	1300.000000	1898.000000
0.632670	0.841922	0.506727	8361.000000	16500.000000	2418.000000	2872.000000
0.732955	0.851941	0.643132	10694.000000	16628.000000	2831.000000	3323.000000
0.726182	0.972875	0.579291	2663.000000	4597.000000	538.000000	553.000000
0.283874	0.893372	0.168747	3555.000000	21067.000000	930.000000	1041.000000
0.763720	0.914756	0.655491	12708.000000	19387.000000	3112.000000	3402.000000
0.723145	0.888048	0.609893	5758.000000	9441.000000	1174.000000	1322.000000
0.244454	0.334677	0.192547	310.000000	1610.000000	166.000000	496.000000
0.725126	0.929770	0.594316	12234.000000	20585.000000	2992.000000	3218.000000
0.616143	0.997689	0.445695	9106.000000	20431.000000	2159.000000	2164.000000
0.356756	0.804642	0.229186	3284.000000	14329.000000	832.000000	1034.000000
0.440764	0.975639	0.284689	5236.000000	18392.000000	801.000000	821.000000
0.617214	0.960638	0.454671	3300.000000	7258.000000	903.000000	940.000000
0.702026	0.921090	0.567142	10867.000000	19161.000000	2603.000000	2826.000000
0.744730	0.922852	0.624243	13915.000000	22291.000000	3158.000000	3422.000000
0.517336	0.907571	0.361779	3489.000000	9644.000000	923.000000	1017.000000
0.834443	0.856068	0.813884	8160.000000	10026.000000	1707.000000	1994.000000
0.566309	0.905778	0.411926	4504.000000	10934.000000	1019.000000	1125.000000
0.694061	0.826611	0.598145	6902.000000	11539.000000	1783.000000	2157.000000
0.744768	0.923409	0.624042	7169.000000	11488.000000	1712.000000	1854.000000
0.820273	0.888924	0.761465	10809.000000	14195.000000	2785.000000	3133.000000
0.804074	0.909762	0.720386	14036.000000	19484.000000	3821.000000	4200.000000
0.619744	0.937677	0.462818	5508.000000	11901.000000	993.000000	1059.000000
0.487914	0.858974	0.340726	6145.000000	18035.000000	1541.000000	1794.000000
0.799207	0.938990	0.695649	10521.000000	15124.000000	3032.000000	3229.000000
0.710426	0.805667	0.635322	15357.000000	24172.000000	4407.000000	5470.000000
0.579457	0.566031	0.593536	5895.000000	9932.000000	1573.000000	2779.000000
0.882857	0.945446	0.828040	10194.000000	12311.000000	2097.000000	2218.000000
0.268564	0.957516	0.156185	3549.000000	22723.000000	879.000000	918.000000
0.789725	0.755938	0.826675	9787.000000	11839.000000	2769.000000	3663.000000
0.737855	0.987887	0.588825	15343.000000	26057.000000	3670.000000	3715.000000
0.552362	0.930489	0.392756	5259.000000	13390.000000	1352.000000	1453.000000
0.540395	0.905292	0.385152	7844.000000	20366.000000	2600.000000	2872.000000
0.697823	0.816465	0.609286	10275.000000	16864.000000	2162.000000	2648.000000
0.780972	0.973179	0.652166	14857.000000	22781.000000	2939.000000	3020.000000
0.861977	0.958111	0.783375	19904.000000	25408.000000	4300.000000	4488.000000
0.697226	0.818021	0.607515	13742.000000	22620.000000	4149.000000	5072.000000
0.441141	0.746032	0.313159	5200.000000	16605.000000	1363.000000	1827.000000
0.667528	0.873823	0.540035	6495.000000	12027.000000	1392.000000	1593.000000
0.726095	0.849534	0.633977	19342.000000	30509.000000	4833.000000	5689.000000
0.739186	0.749402	0.729246	10014.000000	13732.000000	2506.000000	3344.000000
0.741850	0.969243	0.600879	8887.000000	14790.000000	2395.000000	2471.000000
0.645893	0.996663	0.477751	12390.000000	25934.000000	2688.000000	2697.000000
0.809674	0.894654	0.739438	8156.000000	11030.000000	1707.000000	1908.000000
0.686343	0.861643	0.570313	6574.000000	11527.000000	2024.000000	2349.000000
0.726501	0.909472	0.604820	7478.000000	12364.000000	1517.000000	1668.000000
0.818147	0.839321	0.798015	10051.000000	12595.000000	1682.000000	2004.000000
0.519903	0.752868	0.397043	3035.000000	7644.000000	722.000000	959.000000
0.545735	0.788095	0.417379	6638.000000	15904.000000	2648.000000	3360.000000
0.506740	0.945455	0.346128	4626.000000	13365.000000	1248.000000	1320.000000
0.697778	0.979824	0.541814	7036.000000	12986.000000	1894.000000	1933.000000
0.644999	0.757576	0.561551	7618.000000	13566.000000	1375.000000	1815.000000
0.546944	0.842556	0.404889	5698.000000	14073.000000	1477.000000	1753.000000
0.688263	0.987368	0.528242	7622.000000	14429.000000	1407.000000	1425.000000
0.732754	0.986979	0.582670	11055.000000	18973.000000	2274.000000	2304.000000
0.613995	0.940060	0.455873	9587.000000	21030.000000	3121.000000	3320.000000
0.703563	0.862195	0.594233	10490.000000	17653.000000	2365.000000	2743.000000
0.699639	1.000000	0.538034	2518.000000	4680.000000	538.000000	538.000000
0.500895	0.382897	0.724015	5475.000000	7562.000000	1200.000000	3134.000000
0.591472	0.547780	0.642739	12061.000000	18765.000000	2763.000000	5044.000000
0.547677	0.938144	0.386719	7070.000000	18282.000000	1638.000000	1746.000000
0.832507	0.865566	0.801879	29700.000000	37038.000000	4668.000000	5393.000000
0.853910	0.986136	0.752952	18622.000000	24732.000000	4481.000000	4544.000000
0.602645	0.821929	0.475726	9113.000000	19156.000000	1994.000000	2426.000000
0.635958	0.706392	0.578296	7061.000000	12210.000000	1713.000000	2425.000000
0.581389	0.926036	0.423699	3404.000000	8034.000000	1252.000000	1352.000000
0.669998	0.850438	0.552725	10934.000000	19782.000000	3207.000000	3771.000000
0.807608	0.935081	0.710720	11788.000000	16586.000000	2247.000000	2403.000000
0.536201	0.996757	0.366745	4548.000000	12401.000000	922.000000	925.000000
0.754494	0.985270	0.611310	10951.000000	17914.000000	2408.000000	2444.000000
0.571336	0.771123	0.453770	11278.000000	24854.000000	2665.000000	3456.000000
0.720168	1.000000	0.562705	2055.000000	3652.000000	413.000000	413.000000
0.567403	0.995316	0.396806	7429.000000	18722.000000	1700.000000	1708.000000
0.169163	0.903750	0.093315	1989.000000	21315.000000	723.000000	800.000000
0.124662	0.333751	0.076645	933.000000	12173.000000	533.000000	1597.000000
0.804844	0.943811	0.701548	8608.000000	12270.000000	2234.000000	2367.000000
0.540493	0.806528	0.406430	3944.000000	9704.000000	1359.000000	1685.000000
0.673121	0.713919	0.636734	5318.000000	8352.000000	1113.000000	1559.000000
0.614160	0.624079	0.604552	7543.000000	12477.000000	2032.000000	3256.000000
0.749431	0.809890	0.697371	9630.000000	13809.000000	2424.000000	2993.000000
