0.604956	0.967110	0.440138	7801.000000	17724.000000	1382.000000	1429.000000
0.054748	0.853583	0.028281	448.000000	15841.000000	274.000000	321.000000
0.000000	1.000000	0.000000	0.000000	22202.000000	0.000000	0.000000
0.000000	1.000000	0.000000	0.000000	12349.000000	0.000000	0.000000
0.000000	1.000000	0.000000	0.000000	25076.000000	0.000000	0.000000
0.000000	1.000000	0.000000	0.000000	8081.000000	0.000000	0.000000
0.000000	1.000000	0.000000	0.000000	8021.000000	0.000000	0.000000
0.402681	0.979434	0.253439	2266.000000	8941.000000	762.000000	778.000000
0.504704	1.000000	0.337528	4399.000000	13033.000000	822.000000	822.000000
0.324535	0.713442	0.210039	1929.000000	9184.000000	483.000000	677.000000
0.380942	0.633975	0.272272	3154.000000	11584.000000	724.000000	1142.000000
0.516800	0.871866	0.367241	2834.000000	7717.000000	626.000000	718.000000
0.208057	0.548673	0.128367	1487.000000	11584.000000	372.000000	678.000000
0.489265	0.977139	0.326331	5919.000000	18138.000000	1496.000000	1531.000000
0.848089	0.979610	0.747703	12776.000000	17087.000000	2210.000000	2256.000000
0.858833	0.998060	0.753694	11833.000000	15700.000000	2058.000000	2062.000000
0.276190	1.000000	0.160221	2610.000000	16290.000000	440.000000	440.000000
0.356153	0.986842	0.217286	4588.000000	21115.000000	1050.000000	1064.000000
0.745435	0.943536	0.616084	7722.000000	12534.000000	1905.000000	2019.000000
0.758422	0.935807	0.637568	7939.000000	12452.000000	1866.000000	1994.000000
0.322900	0.831050	0.200378	1591.000000	7940.000000	546.000000	657.000000
0.570696	0.825328	0.436137	4381.000000	10045.000000	1323.000000	1603.000000
0.675596	0.887794	0.545267	8998.000000	16502.000000	2342.000000	2638.000000
0.411662	0.748647	0.283881	5817.000000	20491.000000	1245.000000	1663.000000
0.000000	1.000000	0.000000	0.000000	6444.000000	0.000000	0.000000
0.000000	1.000000	0.000000	0.000000	5634.000000	0.000000	0.000000
0.000000	1.000000	0.000000	0.000000	10218.000000	0.000000	0.000000
0.519312	0.943071	0.358309	3094.000000	8635.000000	1640.000000	1739.000000
0.865769	1.000000	0.763309	2796.000000	3663.000000	561.000000	561.000000
0.030786	1.000000	0.015633	144.000000	9211.000000	29.000000	29.000000
0.668150	1.000000	0.501670	7208.000000	14368.000000	1339.000000	1339.000000
0.550338	0.997048	0.380059	5428.000000	14282.000000	1351.000000	1355.000000
0.663966	0.925414	0.517705	7939.000000	15335.000000	2010.000000	2172.000000
0.623176	0.998206	0.452986	6947.000000	15336.000000	1113.000000	1115.000000
0.627095	0.925095	0.474306	8787.000000	18526.000000	2433.000000	2630.000000
0.453632	0.992711	0.293987	5544.000000	18858.000000	1362.000000	1372.000000
0.238602	1.000000	0.135462	1277.000000	9427.000000	256.000000	256.000000
0.146432	0.995050	0.079031	969.000000	12261.000000	201.000000	202.000000
0.220074	0.939640	0.124632	2666.000000	21391.000000	1043.000000	1110.000000
0.000000	0.000000	0.000000	0.000000	5412.000000	0.000000	321.000000
0.485727	0.975648	0.323354	5433.000000	16802.000000	1242.000000	1273.000000
0.577983	0.807143	0.450172	7074.000000	15714.000000	1921.000000	2380.000000
0.477087	0.941097	0.319538	6663.000000	20852.000000	2093.000000	2224.000000
0.205743	1.000000	0.114668	1938.000000	16901.000000	375.000000	375.000000
0.512980	0.918406	0.355879	5893.000000	16559.000000	1452.000000	1581.000000
0.609071	1.000000	0.437888	6560.000000	14981.000000	1558.000000	1558.000000
0.237219	0.614887	0.146957	1905.000000	12963.000000	570.000000	927.000000
0.000000	1.000000	0.000000	0.000000	21977.000000	0.000000	0.000000
0.547573	0.866327	0.400291	4675.000000	11679.000000	849.000000	980.000000
0.252497	0.772992	0.150893	1647.000000	10915.000000	664.000000	859.000000
0.467184	0.778338	0.333759	2878.000000	8623.000000	618.000000	794.000000
0.804114	0.963539	0.689955	12838.000000	18607.000000	2167.000000	2249.000000
0.805867	0.989899	0.679535	8995.000000	13237.000000	1862.000000	1881.000000
0.000000	1.000000	0.000000	0.000000	7485.000000	0.000000	0.000000
0.392106	0.944948	0.247377	4622.000000	18684.000000	1356.000000	1435.000000
0.524005	0.845732	0.379600	10603.000000	27932.000000	1387.000000	1640.000000
0.359855	0.853866	0.227965	3983.000000	17472.000000	1005.000000	1177.000000
0.452778	0.961538	0.296105	4417.000000	14917.000000	1525.000000	1586.000000
0.000000	1.000000	0.000000	0.000000	9171.000000	0.000000	0.000000
0.179371	1.000000	0.098521	1992.000000	20219.000000	318.000000	318.000000
0.622686	0.926158	0.469008	8293.000000	17682.000000	1480.000000	1598.000000
0.896754	0.976704	0.828903	4927.000000	5944.000000	1132.000000	1159.000000
0.756521	0.994307	0.610517	5828.000000	9546.000000	1572.000000	1581.000000
0.568771	1.000000	0.397400	6114.000000	15385.000000	1416.000000	1416.000000
0.397848	0.750658	0.270644	4867.000000	17983.000000	1141.000000	1520.000000
0.620790	0.881988	0.478951	6610.000000	13801.000000	1420.000000	1610.000000
0.098780	1.000000	0.051956	575.000000	11067.000000	120.000000	120.000000
0.000000	1.000000	0.000000	0.000000	9244.000000	0.000000	0.000000
0.024946	0.661765	0.012712	175.000000	13766.000000	90.000000	136.000000
0.744518	1.000000	0.593014	9541.000000	16089.000000	1674.000000	1674.000000
0.673570	0.871224	0.549015	4878.000000	8885.000000	1096.000000	1258.000000
0.467568	1.000000	0.305115	4325.000000	14175.000000	782.000000	782.000000
0.634003	0.699538	0.579694	4208.000000	7259.000000	1667.000000	2383.000000
0.593901	1.000000	0.422375	6252.000000	14802.000000	1242.000000	1242.000000
0.242366	0.717557	0.145808	1412.000000	9684.000000	376.000000	524.000000
0.227661	0.700831	0.135905	969.000000	7130.000000	253.000000	361.000000
0.768836	0.872561	0.687152	7648.000000	11130.000000	2862.000000	3280.000000
0.657267	0.956209	0.500724	6225.000000	12432.000000	1594.000000	1667.000000
0.000000	1.000000	0.000000	0.000000	17071.000000	0.000000	0.000000
0.753681	0.947741	0.625585	9492.000000	15173.000000	2140.000000	2258.000000
0.819584	1.000000	0.694317	10630.000000	15310.000000	1940.000000	1940.000000
0.291195	0.996357	0.170515	2548.000000	14943.000000	547.000000	549.000000
0.216260	1.000000	0.121240	1604.000000	13230.000000	321.000000	321.000000
0.296638	0.975852	0.174902	3129.000000	17890.000000	687.000000	704.000000
0.752510	0.981982	0.609970	5286.000000	8666.000000	1090.000000	1110.000000
0.556172	0.956039	0.392153	7696.000000	19625.000000	2153.000000	2252.000000
0.285138	1.000000	0.166275	3605.000000	21681.000000	520.000000	520.000000
0.343213	0.976391	0.208199	3027.000000	14539.000000	579.000000	593.000000
0.682061	1.000000	0.517521	7222.000000	13955.000000	1523.000000	1523.000000
0.568865	0.969516	0.402523	3956.000000	9828.000000	1463.000000	1509.000000
0.468806	0.787390	0.333762	4407.000000	13204.000000	1611.000000	2046.000000
0.473847	0.969274	0.313571	7304.000000	23293.000000	1388.000000	1432.000000
0.449634	0.997305	0.290246	5957.000000	20524.000000	1110.000000	1113.000000
0.600803	0.593380	0.608414	6016.000000	9888.000000	1452.000000	2447.000000
0.000000	1.000000	0.000000	0.000000	11259.000000	0.000000	0.000000
0.359947	0.998913	0.219526	3211.000000	14627.000000	919.000000	920.000000
0.615546	0.898751	0.468057	6396.000000	13665.000000	1367.000000	1521.000000
0.600921	0.986280	0.432093	9465.000000	21905.000000	2588.000000	2624.000000
0.725577	0.913006	0.601995	10379.000000	17241.000000	2099.000000	2299.000000
0.408706	0.978405	0.258303	4962.000000	19210.000000	1178.000000	1204.000000
0.730924	0.945360	0.595783	8957.000000	15034.000000	2180.000000	2306.000000
0.100525	1.000000	0.052922	1054.000000	19916.000000	236.000000	236.000000
0.672171	0.986301	0.509803	9673.000000	18974.000000	1728.000000	1752.000000
0.539107	0.937356	0.378357	9017.000000	23832.000000	2035.000000	2171.000000
0.513207	0.915679	0.356510	5871.000000	16468.000000	1390.000000	1518.000000
0.621885	0.928054	0.467616	5516.000000	11796.000000	2051.000000	2210.000000
0.556574	0.972326	0.389871	5735.000000	14710.000000	1300.000000	1337.000000
0.567327	0.980113	0.399199	10372.000000	25982.000000	2612.000000	2665.000000
0.284238	0.784247	0.173574	3313.000000	19087.000000	687.000000	876.000000
0.680960	0.855216	0.565696	10023.000000	17718.000000	1902.000000	2224.000000
0.388784	0.814592	0.255321	3467.000000	13579.000000	949.000000	1165.000000
0.602547	0.995633	0.431992	7721.000000	17873.000000	1368.000000	1374.000000
0.746970	1.000000	0.596130	6840.000000	11474.000000	1432.000000	1432.000000
0.280262	0.991701	0.163190	2613.000000	16012.000000	478.000000	482.000000
0.721527	0.994652	0.566084	16220.000000	28653.000000	3348.000000	3366.000000
0.597278	1.000000	0.425799	4344.000000	10202.000000	724.000000	724.000000
0.630389	0.984201	0.463694	4285.000000	9241.000000	1059.000000	1076.000000
0.341746	0.804162	0.216977	2165.000000	9978.000000	657.000000	817.000000
0.044174	1.000000	0.022586	356.000000	15762.000000	77.000000	77.000000
0.000000	1.000000	0.000000	0.000000	8140.000000	0.000000	0.000000
0.000000	1.000000	0.000000	0.000000	9311.000000	0.000000	0.000000
0.280713	1.000000	0.163273	2694.000000	16500.000000	555.000000	555.000000
0.568386	0.846944	0.427712	7112.000000	16628.000000	1732.000000	2045.000000
0.686008	1.000000	0.522080	2400.000000	4597.000000	481.000000	481.000000
0.000000	1.000000	0.000000	0.000000	21067.000000	0.000000	0.000000
0.360299	1.000000	0.219735	4260.000000	19387.000000	862.000000	862.000000
0.493653	0.913534	0.338206	3193.000000	9441.000000	729.000000	798.000000
0.000000	1.000000	0.000000	0.000000	1610.000000	0.000000	0.000000
0.662030	0.983642	0.498907	10270.000000	20585.000000	2285.000000	2323.000000
0.502291	1.000000	0.335373	6852.000000	20431.000000	1579.000000	1579.000000
0.139333	1.000000	0.074883	1073.000000	14329.000000	215.000000	215.000000
0.087653	1.000000	0.045835	843.000000	18392.000000	136.000000	136.000000
0.562079	0.993856	0.391843	2844.000000	7258.000000	647.000000	651.000000
0.490517	0.997786	0.325192	6231.000000	19161.000000	1352.000000	1355.000000
0.517491	1.000000	0.349065	7781.000000	22291.000000	1700.000000	1700.000000
0.256886	0.804627	0.152841	1474.000000	9644.000000	313.000000	389.000000
0.674976	0.930293	0.529623	5310.000000	10026.000000	1081.000000	1162.000000
0.517452	0.924650	0.359246	3928.000000	10934.000000	859.000000	929.000000
0.285693	1.000000	0.166652	1923.000000	11539.000000	438.000000	438.000000
0.000000	1.000000	0.000000	0.000000	11488.000000	0.000000	0.000000
0.738749	0.895128	0.628883	8927.000000	14195.000000	2168.000000	2422.000000
0.594820	0.953882	0.432149	8420.000000	19484.000000	2027.000000	2125.000000
0.469229	0.948324	0.311739	3710.000000	11901.000000	679.000000	716.000000
0.000000	1.000000	0.000000	0.000000	18035.000000	0.000000	0.000000
0.678134	0.995461	0.514216	7777.000000	15124.000000	1974.000000	1983.000000
0.449593	0.800370	0.312593	7556.000000	24172.000000	2165.000000	2705.000000
0.423000	0.863529	0.280105	2782.000000	9932.000000	734.000000	850.000000
0.784273	0.943826	0.670863	8259.000000	12311.000000	1697.000000	1798.000000
0.185516	0.976364	0.102495	2329.000000	22723.000000	537.000000	550.000000
0.696711	0.938412	0.554016	6559.000000	11839.000000	1737.000000	1851.000000
0.404994	0.983808	0.254979	6644.000000	26057.000000	1519.000000	1544.000000
0.431259	0.993158	0.275429	3688.000000	13390.000000	871.000000	877.000000
0.164939	0.895221	0.090838	1850.000000	20366.000000	487.000000	544.000000
0.626791	0.794480	0.517552	8728.000000	16864.000000	1871.000000	2355.000000
0.673865	0.996109	0.509152	11599.000000	22781.000000	2048.000000	2056.000000
0.728256	0.979862	0.579463	14723.000000	25408.000000	3114.000000	3178.000000
0.572000	0.817572	0.439876	9950.000000	22620.000000	2559.000000	3130.000000
0.252105	1.000000	0.144234	2395.000000	16605.000000	481.000000	481.000000
0.658353	0.902271	0.518251	6233.000000	12027.000000	1311.000000	1453.000000
0.558064	0.926275	0.399325	12183.000000	30509.000000	2852.000000	3079.000000
0.629622	0.918590	0.478954	6577.000000	13732.000000	1433.000000	1560.000000
0.548957	0.979947	0.381271	5639.000000	14790.000000	1466.000000	1496.000000
0.426150	0.993808	0.271227	7034.000000	25934.000000	1284.000000	1292.000000
0.607990	0.965484	0.443699	4894.000000	11030.000000	1007.000000	1043.000000
0.174663	1.000000	0.095688	1103.000000	11527.000000	277.000000	277.000000
0.579912	1.000000	0.408363	5049.000000	12364.000000	864.000000	864.000000
0.343671	0.754991	0.222469	2802.000000	12595.000000	416.000000	551.000000
0.000000	1.000000	0.000000	0.000000	7644.000000	0.000000	0.000000
0.228636	0.884439	0.131288	2088.000000	15904.000000	773.000000	874.000000
0.262759	0.963855	0.152114	2033.000000	13365.000000	480.000000	498.000000
0.671162	0.979206	0.510550	6630.000000	12986.000000	1554.000000	1587.000000
0.422441	0.830968	0.283208	3842.000000	13566.000000	644.000000	775.000000
0.328821	1.000000	0.196760	2769.000000	14073.000000	644.000000	644.000000
0.000000	1.000000	0.000000	0.000000	14429.000000	0.000000	0.000000
0.515879	1.000000	0.347599	6595.000000	18973.000000	1221.000000	1221.000000
0.420934	1.000000	0.266572	5606.000000	21030.000000	1627.000000	1627.000000
0.653060	0.997841	0.485357	8568.000000	17653.000000	1849.000000	1853.000000
0.321377	1.000000	0.191453	896.000000	4680.000000	213.000000	213.000000
0.418338	0.623630	0.314732	2380.000000	7562.000000	512.000000	821.000000
0.476643	0.635876	0.381188	7153.000000	18765.000000	1067.000000	1678.000000
0.421652	1.000000	0.267148	4884.000000	18282.000000	1000.000000	1000.000000
0.693042	0.876884	0.572925	21220.000000	37038.000000	3141.000000	3582.000000
0.765651	0.984824	0.626274	15489.000000	24732.000000	3699.000000	3756.000000
0.368002	0.914127	0.230372	4413.000000	19156.000000	990.000000	1083.000000
0.519953	0.902351	0.365192	4459.000000	12210.000000	998.000000	1106.000000
0.451450	0.990110	0.292382	2349.000000	8034.000000	901.000000	910.000000
0.468315	0.952038	0.310535	6143.000000	19782.000000	1588.000000	1668.000000
0.520164	1.000000	0.351501	5830.000000	16586.000000	974.000000	974.000000
0.476255	1.000000	0.312555	3876.000000	12401.000000	784.000000	784.000000
0.713213	0.983185	0.559562	10024.000000	17914.000000	2105.000000	2141.000000
0.265455	0.701220	0.163716	4069.000000	24854.000000	1035.000000	1476.000000
0.718596	1.000000	0.560789	2048.000000	3652.000000	413.000000	413.000000
0.000000	1.000000	0.000000	0.000000	18722.000000	0.000000	0.000000
0.000000	1.000000	0.000000	0.000000	21315.000000	0.000000	0.000000
0.048806	0.835125	0.025138	306.000000	12173.000000	233.000000	279.000000
0.649972	0.985682	0.484841	5949.000000	12270.000000	1308.000000	1327.000000
0.438595	0.897670	0.290190	2816.000000	9704.000000	886.000000	987.000000
0.430901	0.863158	0.287117	2398.000000	8352.000000	492.000000	570.000000
0.466641	0.880907	0.317384	3960.000000	12477.000000	932.000000	1058.000000
0.437150	0.793401	0.301687	4166.000000	13809.000000	1010.000000	1273.000000
