0.604956	0.967110	0.440138	7801.000000	17724.000000	1382.000000	1429.000000
0.054748	0.853583	0.028281	448.000000	15841.000000	274.000000	321.000000
0.166185	1.000000	0.090622	2012.000000	22202.000000	611.000000	611.000000
0.620302	0.985496	0.452587	5589.000000	12349.000000	1223.000000	1241.000000
0.000000	1.000000	0.000000	0.000000	25076.000000	0.000000	0.000000
0.000000	1.000000	0.000000	0.000000	8081.000000	0.000000	0.000000
0.475100	0.730277	0.352076	2824.000000	8021.000000	685.000000	938.000000
0.402963	0.979434	0.253663	2268.000000	8941.000000	762.000000	778.000000
0.553576	1.000000	0.382721	4988.000000	13033.000000	925.000000	925.000000
0.525966	0.725337	0.412565	3789.000000	9184.000000	1022.000000	1409.000000
0.375625	0.584759	0.276675	3205.000000	11584.000000	752.000000	1286.000000
0.636199	0.862167	0.504082	3890.000000	7717.000000	907.000000	1052.000000
0.392234	0.640249	0.282718	3275.000000	11584.000000	824.000000	1287.000000
0.529015	0.978495	0.362499	6575.000000	18138.000000	1638.000000	1674.000000
0.869886	0.964754	0.792006	13533.000000	17087.000000	2354.000000	2440.000000
0.878385	0.998173	0.784268	12313.000000	15700.000000	2185.000000	2189.000000
0.381828	0.995434	0.236219	3848.000000	16290.000000	654.000000	657.000000
0.703557	0.958424	0.555766	11735.000000	21115.000000	3089.000000	3223.000000
0.800711	0.948524	0.692756	8683.000000	12534.000000	2377.000000	2506.000000
0.788817	0.865721	0.724462	9021.000000	12452.000000	2379.000000	2748.000000
0.543283	0.642416	0.470655	3737.000000	7940.000000	1351.000000	2103.000000
0.581699	0.698319	0.498457	5007.000000	10045.000000	1537.000000	2201.000000
0.739442	0.881237	0.636953	10511.000000	16502.000000	2879.000000	3267.000000
0.464259	0.775390	0.331316	6789.000000	20491.000000	1443.000000	1861.000000
0.000000	1.000000	0.000000	0.000000	6444.000000	0.000000	0.000000
0.000000	1.000000	0.000000	0.000000	5634.000000	0.000000	0.000000
0.807841	0.996612	0.679194	6940.000000	10218.000000	1471.000000	1476.000000
0.670624	0.901225	0.533990	4611.000000	8635.000000	2354.000000	2612.000000
0.877413	1.000000	0.781600	2863.000000	3663.000000	577.000000	577.000000
0.253668	0.804270	0.150581	1387.000000	9211.000000	452.000000	562.000000
0.786740	0.983410	0.655624	9420.000000	14368.000000	1719.000000	1748.000000
0.585397	0.997247	0.414298	5917.000000	14282.000000	1449.000000	1453.000000
0.702873	0.914500	0.570786	8753.000000	15335.000000	2321.000000	2538.000000
0.741483	0.988484	0.593245	9098.000000	15336.000000	1545.000000	1563.000000
0.641168	0.926401	0.490230	9082.000000	18526.000000	2530.000000	2731.000000
0.711631	0.996235	0.553505	10438.000000	18858.000000	2646.000000	2656.000000
0.486595	1.000000	0.321523	3031.000000	9427.000000	744.000000	744.000000
0.504683	0.769369	0.375500	4604.000000	12261.000000	1281.000000	1665.000000
0.434437	0.871984	0.289281	6188.000000	21391.000000	2132.000000	2445.000000
0.302881	0.471004	0.223208	1208.000000	5412.000000	333.000000	707.000000
0.691978	0.938483	0.548030	9208.000000	16802.000000	2029.000000	2162.000000
0.624819	0.769433	0.525964	8265.000000	15714.000000	2336.000000	3036.000000
0.645196	0.941342	0.490792	10234.000000	20852.000000	3338.000000	3546.000000
0.527494	0.920765	0.369623	6247.000000	16901.000000	1348.000000	1464.000000
0.691533	0.900391	0.561326	9295.000000	16559.000000	2305.000000	2560.000000
0.794577	1.000000	0.659168	9875.000000	14981.000000	2587.000000	2587.000000
0.445679	0.644851	0.340508	4414.000000	12963.000000	1409.000000	2185.000000
0.216555	0.803922	0.125131	2750.000000	21977.000000	738.000000	918.000000
0.547493	0.866327	0.400205	4674.000000	11679.000000	849.000000	980.000000
0.359822	0.800527	0.232066	2533.000000	10915.000000	911.000000	1138.000000
0.438043	0.637113	0.333759	2878.000000	8623.000000	618.000000	970.000000
0.801411	0.938140	0.699468	13015.000000	18607.000000	2199.000000	2344.000000
0.816598	0.985166	0.697288	9230.000000	13237.000000	1926.000000	1955.000000
0.572751	0.938383	0.412158	3085.000000	7485.000000	731.000000	779.000000
0.523890	0.958001	0.360522	6736.000000	18684.000000	1802.000000	1881.000000
0.650768	0.835580	0.532901	14885.000000	27932.000000	2170.000000	2597.000000
0.566842	0.780391	0.445055	7776.000000	17472.000000	2157.000000	2764.000000
0.567163	0.971107	0.400550	5975.000000	14917.000000	1983.000000	2042.000000
0.498721	0.948107	0.338349	3103.000000	9171.000000	676.000000	713.000000
0.575671	0.955414	0.411939	8329.000000	20219.000000	1500.000000	1570.000000
0.673537	0.897358	0.539079	9532.000000	17682.000000	1766.000000	1968.000000
0.874750	0.899929	0.850942	5058.000000	5944.000000	1259.000000	1399.000000
0.757061	0.993675	0.611460	5837.000000	9546.000000	1571.000000	1581.000000
0.714200	0.938057	0.576601	8871.000000	15385.000000	2211.000000	2357.000000
0.597206	0.735717	0.502586	9038.000000	17983.000000	1893.000000	2573.000000
0.719560	0.897103	0.600681	8290.000000	13801.000000	1796.000000	2002.000000
0.265361	1.000000	0.152977	1693.000000	11067.000000	344.000000	344.000000
0.640877	0.985194	0.474903	4390.000000	9244.000000	865.000000	878.000000
0.247180	0.854545	0.144486	1989.000000	13766.000000	517.000000	605.000000
0.799676	0.904676	0.716514	11528.000000	16089.000000	2012.000000	2224.000000
0.700374	0.854951	0.593134	5270.000000	8885.000000	1226.000000	1434.000000
0.585379	0.977159	0.417848	5923.000000	14175.000000	1369.000000	1401.000000
0.621442	0.666932	0.581761	4223.000000	7259.000000	1676.000000	2513.000000
0.645401	0.949195	0.488920	7237.000000	14802.000000	1532.000000	1614.000000
0.456132	0.747664	0.328170	3178.000000	9684.000000	800.000000	1070.000000
0.227318	0.698061	0.135764	968.000000	7130.000000	252.000000	361.000000
0.794450	0.844558	0.749955	8347.000000	11130.000000	3461.000000	4098.000000
0.708170	0.920874	0.575290	7152.000000	12432.000000	1897.000000	2060.000000
0.428426	0.953789	0.276258	4716.000000	17071.000000	1032.000000	1082.000000
0.812547	0.942943	0.713834	10831.000000	15173.000000	2512.000000	2664.000000
0.819720	1.000000	0.694513	10633.000000	15310.000000	1940.000000	1940.000000
0.322918	0.996835	0.192665	2879.000000	14943.000000	630.000000	632.000000
0.216019	1.000000	0.121088	1602.000000	13230.000000	321.000000	321.000000
0.459847	0.922446	0.306260	5479.000000	17890.000000	1237.000000	1341.000000
0.752948	0.981982	0.610547	5291.000000	8666.000000	1090.000000	1110.000000
0.657795	0.962526	0.499618	9805.000000	19625.000000	2774.000000	2882.000000
0.486545	1.000000	0.321480	6970.000000	21681.000000	1002.000000	1002.000000
0.611823	0.956489	0.449756	6539.000000	14539.000000	1253.000000	1310.000000
0.773092	0.994497	0.632318	8824.000000	13955.000000	1988.000000	1999.000000
0.569093	0.970842	0.402523	3956.000000	9828.000000	1465.000000	1509.000000
0.534815	0.834089	0.393593	5197.000000	13204.000000	2207.000000	2646.000000
0.458709	0.820528	0.318336	7415.000000	23293.000000	1431.000000	1744.000000
0.534838	0.997089	0.365426	7500.000000	20524.000000	1370.000000	1374.000000
0.546856	0.486387	0.624494	6175.000000	9888.000000	1590.000000	3269.000000
0.000000	1.000000	0.000000	0.000000	11259.000000	0.000000	0.000000
0.359834	1.000000	0.219389	3209.000000	14627.000000	920.000000	920.000000
0.704816	0.915409	0.572997	7830.000000	13665.000000	1699.000000	1856.000000
0.669214	0.977567	0.508742	11144.000000	21905.000000	3094.000000	3165.000000
0.766167	0.887478	0.674033	11621.000000	17241.000000	2516.000000	2835.000000
0.579206	0.845987	0.440344	8459.000000	19210.000000	2340.000000	2766.000000
0.774958	0.949862	0.654450	9839.000000	15034.000000	2406.000000	2533.000000
0.121521	0.649462	0.067032	1335.000000	19916.000000	302.000000	465.000000
0.867259	0.986916	0.773479	14676.000000	18974.000000	2640.000000	2675.000000
0.655569	0.933516	0.505161	12039.000000	23832.000000	2724.000000	2918.000000
0.647186	0.865678	0.516760	8510.000000	16468.000000	2159.000000	2494.000000
0.689666	0.916100	0.552984	6523.000000	11796.000000	2424.000000	2646.000000
0.601282	0.976036	0.434466	6391.000000	14710.000000	1507.000000	1544.000000
0.634384	0.954816	0.474983	12341.000000	25982.000000	3212.000000	3364.000000
0.562513	0.848956	0.420600	8028.000000	19087.000000	1748.000000	2059.000000
0.720247	0.818832	0.642849	11390.000000	17718.000000	2174.000000	2655.000000
0.543775	0.854124	0.398851	5416.000000	13579.000000	1657.000000	1940.000000
0.602898	0.996361	0.432216	7725.000000	17873.000000	1369.000000	1374.000000
0.782729	0.998108	0.643803	7387.000000	11474.000000	1583.000000	1586.000000
0.423267	0.881668	0.278479	4459.000000	16012.000000	909.000000	1031.000000
0.803049	0.986559	0.677102	19401.000000	28653.000000	4037.000000	4092.000000
0.792806	1.000000	0.656734	6700.000000	10202.000000	1124.000000	1124.000000
0.758735	0.797429	0.723623	6687.000000	9241.000000	1551.000000	1945.000000
0.341759	0.802938	0.217078	2166.000000	9978.000000	656.000000	817.000000
0.388632	0.958128	0.243751	3842.000000	15762.000000	778.000000	812.000000
0.000000	1.000000	0.000000	0.000000	8140.000000	0.000000	0.000000
0.548254	0.756464	0.429922	4003.000000	9311.000000	907.000000	1199.000000
0.314435	1.000000	0.186545	3078.000000	16500.000000	775.000000	775.000000
0.567843	0.836451	0.429817	7147.000000	16628.000000	1744.000000	2085.000000
0.685445	1.000000	0.521427	2397.000000	4597.000000	481.000000	481.000000
0.239439	0.954116	0.136897	2884.000000	21067.000000	707.000000	741.000000
0.515528	0.886811	0.363388	7045.000000	19387.000000	1802.000000	2032.000000
0.684320	0.888072	0.556615	5255.000000	9441.000000	1087.000000	1224.000000
0.000000	1.000000	0.000000	0.000000	1610.000000	0.000000	0.000000
0.688255	0.984945	0.528929	10888.000000	20585.000000	2486.000000	2524.000000
0.579345	0.998472	0.408056	8337.000000	20431.000000	1960.000000	1963.000000
0.310697	0.780660	0.193942	2779.000000	14329.000000	662.000000	848.000000
0.187181	0.951952	0.103795	1909.000000	18392.000000	317.000000	333.000000
0.577007	0.963459	0.411821	2989.000000	7258.000000	791.000000	821.000000
0.686919	0.998628	0.523511	10031.000000	19161.000000	2184.000000	2187.000000
0.659003	0.943431	0.506348	11287.000000	22291.000000	2535.000000	2687.000000
0.486116	0.896468	0.333472	3216.000000	9644.000000	736.000000	821.000000
0.675138	0.930293	0.529822	5312.000000	10026.000000	1081.000000	1162.000000
0.517736	0.924650	0.359521	3931.000000	10934.000000	859.000000	929.000000
0.621209	0.801892	0.506976	5850.000000	11539.000000	1441.000000	1797.000000
0.000000	1.000000	0.000000	0.000000	11488.000000	0.000000	0.000000
0.777233	0.886751	0.691793	9820.000000	14195.000000	2443.000000	2755.000000
0.702810	0.927937	0.565592	11020.000000	19484.000000	2923.000000	3150.000000
0.514315	0.947179	0.352996	4201.000000	11901.000000	789.000000	833.000000
0.214956	0.938704	0.121375	2189.000000	18035.000000	536.000000	571.000000
0.774285	0.993419	0.634356	9594.000000	15124.000000	2566.000000	2583.000000
0.535876	0.838318	0.393803	9519.000000	24172.000000	2831.000000	3377.000000
0.473831	0.634838	0.377970	3754.000000	9932.000000	1097.000000	1728.000000
0.816919	0.947917	0.717732	8836.000000	12311.000000	1820.000000	1920.000000
0.185516	0.976364	0.102495	2329.000000	22723.000000	537.000000	550.000000
0.788000	0.822657	0.756145	8952.000000	11839.000000	2273.000000	2763.000000
0.678156	0.989557	0.515831	13441.000000	26057.000000	3127.000000	3160.000000
0.485827	0.988018	0.322106	4313.000000	13390.000000	1072.000000	1085.000000
0.315020	0.882266	0.191741	3905.000000	20366.000000	1199.000000	1359.000000
0.629140	0.795608	0.520280	8774.000000	16864.000000	1884.000000	2368.000000
0.689477	0.996258	0.527150	12009.000000	22781.000000	2130.000000	2138.000000
0.782851	0.966640	0.657785	16713.000000	25408.000000	3564.000000	3687.000000
0.613673	0.784189	0.504067	11402.000000	22620.000000	3194.000000	4073.000000
0.252565	1.000000	0.144535	2400.000000	16605.000000	481.000000	481.000000
0.658738	0.902959	0.518500	6236.000000	12027.000000	1312.000000	1453.000000
0.640282	0.903098	0.495952	15131.000000	30509.000000	3644.000000	4035.000000
0.709371	0.853757	0.606758	8332.000000	13732.000000	1909.000000	2236.000000
0.688078	0.980231	0.530088	7840.000000	14790.000000	2033.000000	2074.000000
0.481073	0.994953	0.317228	8227.000000	25934.000000	1577.000000	1585.000000
0.582397	0.842975	0.444878	4907.000000	11030.000000	1020.000000	1210.000000
0.690566	0.879198	0.568578	6554.000000	11527.000000	2016.000000	2293.000000
0.662780	0.916727	0.519007	6417.000000	12364.000000	1266.000000	1381.000000
0.670083	0.858262	0.549583	6922.000000	12595.000000	1096.000000	1277.000000
0.000000	1.000000	0.000000	0.000000	7644.000000	0.000000	0.000000
0.410483	0.842161	0.271378	4316.000000	15904.000000	1590.000000	1888.000000
0.262759	0.963855	0.152114	2033.000000	13365.000000	480.000000	498.000000
0.688390	0.981687	0.530032	6883.000000	12986.000000	1769.000000	1802.000000
0.496590	0.723863	0.377930	5127.000000	13566.000000	907.000000	1253.000000
0.439454	1.000000	0.281603	3963.000000	14073.000000	914.000000	914.000000
0.332775	1.000000	0.199598	2880.000000	14429.000000	481.000000	481.000000
0.597501	1.000000	0.426026	8083.000000	18973.000000	1560.000000	1560.000000
0.536868	0.999136	0.367047	7719.000000	21030.000000	2313.000000	2315.000000
0.697553	0.963365	0.546706	9651.000000	17653.000000	2130.000000	2211.000000
0.321377	1.000000	0.191453	896.000000	4680.000000	213.000000	213.000000
0.548046	0.463559	0.670193	5068.000000	7562.000000	1094.000000	2360.000000
0.537934	0.568189	0.510738	9584.000000	18765.000000	1804.000000	3175.000000
0.421857	1.000000	0.267312	4887.000000	18282.000000	1000.000000	1000.000000
0.796574	0.899594	0.714725	26472.000000	37038.000000	3987.000000	4432.000000
0.812676	0.984867	0.691735	17108.000000	24732.000000	4100.000000	4163.000000
0.551259	0.916443	0.394185	7551.000000	19156.000000	1711.000000	1867.000000
0.569348	0.689351	0.484930	5921.000000	12210.000000	1327.000000	1925.000000
0.540525	0.957635	0.376525	3025.000000	8034.000000	1085.000000	1133.000000
0.614077	0.904159	0.464918	9197.000000	19782.000000	2500.000000	2765.000000
0.793446	0.945144	0.683709	11340.000000	16586.000000	2102.000000	2224.000000
0.476255	1.000000	0.312555	3876.000000	12401.000000	784.000000	784.000000
0.746015	0.984962	0.600368	10755.000000	17914.000000	2358.000000	2394.000000
0.490916	0.790698	0.355959	8847.000000	24854.000000	2006.000000	2537.000000
0.719944	1.000000	0.562432	2054.000000	3652.000000	413.000000	413.000000
0.558793	0.995763	0.388367	7271.000000	18722.000000	1645.000000	1652.000000
0.000000	1.000000	0.000000	0.000000	21315.000000	0.000000	0.000000
0.080540	0.642241	0.042964	523.000000	12173.000000	298.000000	464.000000
0.785461	0.964618	0.662429	8128.000000	12270.000000	2072.000000	2148.000000
0.539169	0.891523	0.386439	3750.000000	9704.000000	1241.000000	1392.000000
0.673063	0.715300	0.635536	5308.000000	8352.000000	1108.000000	1549.000000
0.482169	0.594146	0.405706	5062.000000	12477.000000	1360.000000	2289.000000
0.718122	0.832207	0.631545	8721.000000	13809.000000	2093.000000	2515.000000
