0.684829	0.645829	0.728842	12918.000000	17724.000000	3089.000000	4783.000000
0.617518	0.729656	0.535257	8479.000000	15841.000000	3228.000000	4424.000000
0.786343	0.700628	0.895955	19892.000000	22202.000000	7028.000000	10031.000000
0.699406	0.567922	0.910114	11239.000000	12349.000000	3031.000000	5337.000000
0.741997	0.794240	0.696204	17458.000000	25076.000000	3833.000000	4826.000000
0.824227	0.787953	0.864002	6982.000000	8081.000000	1282.000000	1627.000000
0.661347	0.607813	0.725221	5817.000000	8021.000000	1587.000000	2611.000000
0.466394	0.332751	0.779443	6969.000000	8941.000000	2096.000000	6299.000000
0.850677	0.945078	0.773421	10080.000000	13033.000000	2237.000000	2367.000000
0.449525	0.328469	0.711890	6538.000000	9184.000000	2296.000000	6990.000000
0.510051	0.459433	0.573204	6640.000000	11584.000000	1880.000000	4092.000000
0.486912	0.348212	0.809252	6245.000000	7717.000000	1646.000000	4727.000000
0.624323	0.518905	0.783494	9076.000000	11584.000000	2388.000000	4602.000000
0.863369	0.860129	0.866634	15719.000000	18138.000000	4815.000000	5598.000000
0.783806	0.691298	0.904898	15462.000000	17087.000000	3265.000000	4723.000000
0.839609	0.737362	0.974777	15304.000000	15700.000000	3136.000000	4253.000000
0.787962	0.764083	0.813382	13250.000000	16290.000000	2957.000000	3870.000000
0.848883	0.835364	0.862846	18219.000000	21115.000000	5485.000000	6566.000000
0.807141	0.756227	0.865406	10847.000000	12534.000000	3704.000000	4898.000000
0.673973	0.522318	0.949727	11826.000000	12452.000000	5020.000000	9611.000000
0.543151	0.403715	0.829723	6588.000000	7940.000000	2717.000000	6730.000000
0.620898	0.497687	0.825187	8289.000000	10045.000000	3120.000000	6269.000000
0.768379	0.664186	0.911344	15039.000000	16502.000000	6248.000000	9407.000000
0.791851	0.787641	0.796106	16313.000000	20491.000000	5226.000000	6635.000000
0.447507	0.693959	0.330230	2128.000000	6444.000000	873.000000	1258.000000
0.731100	0.699042	0.766241	4317.000000	5634.000000	1094.000000	1565.000000
0.823836	0.904179	0.756606	7731.000000	10218.000000	1774.000000	1962.000000
0.682886	0.594851	0.801506	6921.000000	8635.000000	3327.000000	5593.000000
0.853829	0.813212	0.898717	3292.000000	3663.000000	714.000000	878.000000
0.688052	0.758192	0.629790	5801.000000	9211.000000	2198.000000	2899.000000
0.823119	0.828304	0.817998	11753.000000	14368.000000	3102.000000	3745.000000
0.699127	0.646134	0.761588	10877.000000	14282.000000	3535.000000	5471.000000
0.704985	0.560879	0.948745	14549.000000	15335.000000	5537.000000	9872.000000
0.701153	0.588007	0.868219	13315.000000	15336.000000	2726.000000	4636.000000
0.781990	0.778150	0.785869	14559.000000	18526.000000	5107.000000	6563.000000
0.848279	0.795727	0.908262	17128.000000	18858.000000	5103.000000	6413.000000
0.554877	0.450800	0.721438	6801.000000	9427.000000	1860.000000	4126.000000
0.664280	0.528635	0.893565	10956.000000	12261.000000	4403.000000	8329.000000
0.758150	0.685472	0.848067	18141.000000	21391.000000	6549.000000	9554.000000
0.274882	0.176459	0.621582	3364.000000	5412.000000	898.000000	5089.000000
0.787213	0.682111	0.930603	15636.000000	16802.000000	3710.000000	5439.000000
0.694629	0.620120	0.789487	12406.000000	15714.000000	3828.000000	6173.000000
0.795329	0.751778	0.844236	17604.000000	20852.000000	6978.000000	9282.000000
0.690325	0.690099	0.690551	11671.000000	16901.000000	2572.000000	3727.000000
0.798123	0.719986	0.895284	14825.000000	16559.000000	4222.000000	5864.000000
0.839080	0.796242	0.886790	13285.000000	14981.000000	4111.000000	5163.000000
0.523355	0.392177	0.786392	10194.000000	12963.000000	3399.000000	8667.000000
0.708852	0.602673	0.860445	18910.000000	21977.000000	6087.000000	10100.000000
0.599175	0.470890	0.823529	9618.000000	11679.000000	2386.000000	5067.000000
0.524202	0.377403	0.857902	9364.000000	10915.000000	4299.000000	11391.000000
0.815491	0.789030	0.843790	7276.000000	8623.000000	1683.000000	2133.000000
0.880142	0.878898	0.881389	16400.000000	18607.000000	2903.000000	3303.000000
0.801036	0.742764	0.869230	11506.000000	13237.000000	2951.000000	3973.000000
0.490759	0.378743	0.696860	5216.000000	7485.000000	1657.000000	4375.000000
0.812064	0.814357	0.809784	15130.000000	18684.000000	4220.000000	5182.000000
0.477125	0.333687	0.836854	23375.000000	27932.000000	3775.000000	11313.000000
0.702938	0.642815	0.775469	13549.000000	17472.000000	4339.000000	6750.000000
0.845215	0.844150	0.846283	12624.000000	14917.000000	3889.000000	4607.000000
0.552446	0.432283	0.765129	7017.000000	9171.000000	2196.000000	5080.000000
0.733607	0.667077	0.814877	16476.000000	20219.000000	3791.000000	5683.000000
0.706344	0.716861	0.696132	12309.000000	17682.000000	2823.000000	3938.000000
0.562760	0.408043	0.906460	5388.000000	5944.000000	1451.000000	3556.000000
0.643046	0.530832	0.815420	7784.000000	9546.000000	2264.000000	4265.000000
0.723324	0.692052	0.757556	11655.000000	15385.000000	3126.000000	4517.000000
0.703940	0.598638	0.854196	15361.000000	17983.000000	4133.000000	6904.000000
0.712145	0.641621	0.800087	11042.000000	13801.000000	2818.000000	4392.000000
0.787114	0.862091	0.724135	8014.000000	11067.000000	2688.000000	3118.000000
0.701863	0.665676	0.742211	6861.000000	9244.000000	2240.000000	3365.000000
0.489527	0.398096	0.635479	8748.000000	13766.000000	2969.000000	7458.000000
0.658129	0.505744	0.941948	15155.000000	16089.000000	3390.000000	6703.000000
0.463887	0.317834	0.858301	7626.000000	8885.000000	2201.000000	6925.000000
0.775122	0.703864	0.862434	12225.000000	14175.000000	3570.000000	5072.000000
0.576752	0.426115	0.892134	6476.000000	7259.000000	2924.000000	6862.000000
0.753152	0.654712	0.886434	13121.000000	14802.000000	3724.000000	5688.000000
0.551338	0.409487	0.843556	8169.000000	9684.000000	2210.000000	5397.000000
0.638716	0.566954	0.731276	5214.000000	7130.000000	1973.000000	3480.000000
0.689617	0.553551	0.914376	10177.000000	11130.000000	4848.000000	8758.000000
0.675564	0.563050	0.844273	10496.000000	12432.000000	3581.000000	6360.000000
0.685889	0.721507	0.653623	11158.000000	17071.000000	2969.000000	4115.000000
0.746756	0.636678	0.902854	13699.000000	15173.000000	3871.000000	6080.000000
0.891136	0.962460	0.829654	12702.000000	15310.000000	2410.000000	2504.000000
0.566472	0.459821	0.737536	11021.000000	14943.000000	2781.000000	6048.000000
0.559336	0.529917	0.592215	7835.000000	13230.000000	2223.000000	4195.000000
0.771444	0.707555	0.848016	15171.000000	17890.000000	4430.000000	6261.000000
0.796779	0.700510	0.923725	8005.000000	8666.000000	1787.000000	2551.000000
0.756185	0.675505	0.858752	16853.000000	19625.000000	6191.000000	9165.000000
0.733168	0.762877	0.705687	15300.000000	21681.000000	2355.000000	3087.000000
0.831763	0.849401	0.814843	11847.000000	14539.000000	2696.000000	3174.000000
0.840963	0.850987	0.831172	11599.000000	13955.000000	3318.000000	3899.000000
0.746106	0.745671	0.746540	7337.000000	9828.000000	3316.000000	4447.000000
0.757332	0.742265	0.773023	10207.000000	13204.000000	5158.000000	6949.000000
0.770895	0.802957	0.741296	17267.000000	23293.000000	3802.000000	4735.000000
0.770242	0.711888	0.839018	17220.000000	20524.000000	4156.000000	5838.000000
0.574211	0.422473	0.896036	8860.000000	9888.000000	2583.000000	6114.000000
0.760949	0.689908	0.848299	9551.000000	11259.000000	3008.000000	4360.000000
0.883425	0.911172	0.857319	12540.000000	14627.000000	3344.000000	3670.000000
0.804718	0.736298	0.887157	12123.000000	13665.000000	3278.000000	4452.000000
0.843593	0.810404	0.879617	19268.000000	21905.000000	6621.000000	8170.000000
0.612424	0.456951	0.928252	16004.000000	17241.000000	4076.000000	8920.000000
0.758340	0.656290	0.897970	17250.000000	19210.000000	5587.000000	8513.000000
0.834563	0.831252	0.837901	12597.000000	15034.000000	3394.000000	4083.000000
0.721186	0.741675	0.701798	13977.000000	19916.000000	2851.000000	3844.000000
0.879840	0.854934	0.906240	17195.000000	18974.000000	3318.000000	3881.000000
0.778727	0.741178	0.820284	19549.000000	23832.000000	5272.000000	7113.000000
0.661681	0.538415	0.858149	14132.000000	16468.000000	4429.000000	8226.000000
0.718998	0.639825	0.820532	9679.000000	11796.000000	4084.000000	6383.000000
0.862272	0.899413	0.828076	12181.000000	14710.000000	3523.000000	3917.000000
0.832150	0.793943	0.874221	22714.000000	25982.000000	6685.000000	8420.000000
0.787295	0.670833	0.952690	18184.000000	19087.000000	4616.000000	6881.000000
0.735005	0.628868	0.884242	15667.000000	17718.000000	3577.000000	5688.000000
0.692544	0.594358	0.829590	11265.000000	13579.000000	4066.000000	6841.000000
0.655139	0.644543	0.666089	11905.000000	17873.000000	3059.000000	4746.000000
0.780255	0.774135	0.786474	9024.000000	11474.000000	2125.000000	2745.000000
0.613833	0.471135	0.880527	14099.000000	16012.000000	4309.000000	9146.000000
0.844330	0.784911	0.913482	26174.000000	28653.000000	6981.000000	8894.000000
0.892885	0.911276	0.875221	8929.000000	10202.000000	1592.000000	1747.000000
0.514299	0.354042	0.939617	8683.000000	9241.000000	2479.000000	7002.000000
0.626010	0.534532	0.755262	7536.000000	9978.000000	2616.000000	4894.000000
0.523543	0.396867	0.769001	12121.000000	15762.000000	3192.000000	8043.000000
0.459436	0.313662	0.858354	6987.000000	8140.000000	1366.000000	4355.000000
0.542377	0.402144	0.832778	7754.000000	9311.000000	2326.000000	5784.000000
0.754248	0.677923	0.849939	14024.000000	16500.000000	4557.000000	6722.000000
0.745376	0.643448	0.885675	14727.000000	16628.000000	5053.000000	7853.000000
0.678844	0.612040	0.762019	3503.000000	4597.000000	732.000000	1196.000000
0.652222	0.795724	0.552570	11641.000000	21067.000000	3759.000000	4724.000000
0.824298	0.736806	0.935369	18134.000000	19387.000000	5361.000000	7276.000000
0.725148	0.761653	0.691982	6533.000000	9441.000000	1585.000000	2081.000000
0.524067	0.417484	0.703727	1133.000000	1610.000000	511.000000	1224.000000
0.812120	0.776955	0.850619	17510.000000	20585.000000	5455.000000	7021.000000
0.770759	0.931884	0.657139	13426.000000	20431.000000	3516.000000	3773.000000
0.687518	0.681044	0.694117	9946.000000	14329.000000	2479.000000	3640.000000
0.791023	0.698080	0.912516	16783.000000	18392.000000	3163.000000	4531.000000
0.735115	0.663413	0.824194	5982.000000	7258.000000	1835.000000	2766.000000
0.754669	0.692842	0.828610	15877.000000	19161.000000	4985.000000	7195.000000
0.842235	0.841620	0.842851	18788.000000	22291.000000	4841.000000	5752.000000
0.639864	0.589595	0.699502	6746.000000	9644.000000	2142.000000	3633.000000
0.654336	0.502299	0.938360	9408.000000	10026.000000	2185.000000	4350.000000
0.523148	0.400295	0.754802	8253.000000	10934.000000	2441.000000	6098.000000
0.512010	0.367711	0.842707	9724.000000	11539.000000	2699.000000	7340.000000
0.728507	0.638917	0.847319	9734.000000	11488.000000	3116.000000	4877.000000
0.800438	0.736172	0.876999	12449.000000	14195.000000	3873.000000	5261.000000
0.825466	0.749275	0.918908	17904.000000	19484.000000	5164.000000	6892.000000
0.730515	0.614274	0.901017	10723.000000	11901.000000	2212.000000	3601.000000
0.802945	0.826801	0.780427	14075.000000	18035.000000	5084.000000	6149.000000
0.803516	0.763260	0.848254	12829.000000	15124.000000	4533.000000	5939.000000
0.781689	0.680464	0.918294	22197.000000	24172.000000	7151.000000	10509.000000
0.541021	0.421757	0.754329	7492.000000	9932.000000	2237.000000	5304.000000
0.664935	0.517081	0.931200	11464.000000	12311.000000	2452.000000	4742.000000
0.722633	0.650397	0.812921	18472.000000	22723.000000	4917.000000	7560.000000
0.581227	0.421703	0.934876	11068.000000	11839.000000	3377.000000	8008.000000
0.863960	0.878487	0.849906	22146.000000	26057.000000	5921.000000	6740.000000
0.691781	0.692827	0.690739	9249.000000	13390.000000	3081.000000	4447.000000
0.738368	0.704704	0.775410	15792.000000	20366.000000	6546.000000	9289.000000
0.808567	0.753490	0.872332	14711.000000	16864.000000	3778.000000	5014.000000
0.864816	0.842754	0.888065	20231.000000	22781.000000	5129.000000	6086.000000
0.851462	0.773971	0.946198	24041.000000	25408.000000	5715.000000	7384.000000
0.722701	0.603921	0.899646	20350.000000	22620.000000	6747.000000	11172.000000
0.767963	0.754259	0.782174	12988.000000	16605.000000	4073.000000	5400.000000
0.745247	0.736564	0.754137	9070.000000	12027.000000	2234.000000	3033.000000
0.787965	0.714480	0.878298	26796.000000	30509.000000	7352.000000	10290.000000
0.612795	0.474924	0.863458	11857.000000	13732.000000	3731.000000	7856.000000
0.806335	0.740614	0.884855	13087.000000	14790.000000	3906.000000	5274.000000
0.810557	0.960248	0.701242	18186.000000	25934.000000	4638.000000	4830.000000
0.812031	0.786597	0.839166	9256.000000	11030.000000	2101.000000	2671.000000
0.760134	0.673941	0.871606	10047.000000	11527.000000	3119.000000	4628.000000
0.718715	0.640613	0.818505	10120.000000	12364.000000	2508.000000	3915.000000
0.764423	0.650345	0.927035	11676.000000	12595.000000	2165.000000	3329.000000
0.541491	0.392944	0.870617	6655.000000	7644.000000	1782.000000	4535.000000
0.690313	0.613693	0.788795	12545.000000	15904.000000	5943.000000	9684.000000
0.652463	0.677016	0.629630	8415.000000	13365.000000	2704.000000	3994.000000
0.775382	0.711787	0.851455	11057.000000	12986.000000	3134.000000	4403.000000
0.682097	0.744574	0.629294	8537.000000	13566.000000	1784.000000	2396.000000
0.672158	0.562303	0.835358	11756.000000	14073.000000	3565.000000	6340.000000
0.702909	0.809285	0.621249	8964.000000	14429.000000	1778.000000	2197.000000
0.841040	0.833130	0.849101	16110.000000	18973.000000	4099.000000	4920.000000
0.811380	0.815235	0.807561	16983.000000	21030.000000	6539.000000	8021.000000
0.721760	0.661549	0.794029	14017.000000	17653.000000	3792.000000	5732.000000
0.624787	0.589193	0.664957	3112.000000	4680.000000	796.000000	1351.000000
0.408317	0.261288	0.933748	7061.000000	7562.000000	1684.000000	6445.000000
0.563629	0.424636	0.837890	15723.000000	18765.000000	4347.000000	10237.000000
0.721817	0.662805	0.792364	14486.000000	18282.000000	4291.000000	6474.000000
0.766738	0.649299	0.936039	34669.000000	37038.000000	6069.000000	9347.000000
0.865087	0.868606	0.861596	21309.000000	24732.000000	5553.000000	6393.000000
0.569390	0.481994	0.695500	13323.000000	19156.000000	3172.000000	6581.000000
0.699615	0.634023	0.780344	9528.000000	12210.000000	2881.000000	4544.000000
0.726562	0.711551	0.742221	5963.000000	8034.000000	2193.000000	3082.000000
0.761443	0.792135	0.733040	14501.000000	19782.000000	4512.000000	5696.000000
0.864586	0.837623	0.893344	14817.000000	16586.000000	3580.000000	4274.000000
0.808727	0.809538	0.807919	10019.000000	12401.000000	2801.000000	3460.000000
0.762948	0.693741	0.847494	15182.000000	17914.000000	3835.000000	5528.000000
0.684056	0.653083	0.718114	17848.000000	24854.000000	4872.000000	7460.000000
0.755040	0.950558	0.626232	2287.000000	3652.000000	596.000000	627.000000
0.843173	0.845314	0.841043	15746.000000	18722.000000	4798.000000	5676.000000
0.673687	0.573041	0.817218	17419.000000	21315.000000	6955.000000	12137.000000
0.420407	0.306095	0.670993	8168.000000	12173.000000	3832.000000	12519.000000
0.847106	0.753123	0.967889	11876.000000	12270.000000	3316.000000	4403.000000
0.566616	0.455672	0.748969	7268.000000	9704.000000	2354.000000	5166.000000
0.609968	0.464774	0.887093	7409.000000	8352.000000	1801.000000	3875.000000
0.476076	0.331701	0.842991	10518.000000	12477.000000	3184.000000	9599.000000
0.758357	0.649010	0.912014	12594.000000	13809.000000	3345.000000	5154.000000
