0.474348	0.324613	0.880501	15606.000000	17724.000000	4504.000000	13875.000000
0.531741	0.401036	0.788839	12496.000000	15841.000000	5653.000000	14096.000000
0.639451	0.509706	0.857806	19045.000000	22202.000000	7011.000000	13755.000000
0.390375	0.248915	0.904284	11167.000000	12349.000000	3385.000000	13599.000000
0.544018	0.409563	0.809898	20309.000000	25076.000000	5602.000000	13678.000000
0.194203	0.108943	0.893330	7219.000000	8081.000000	1474.000000	13530.000000
0.304789	0.185768	0.848273	6804.000000	8021.000000	2561.000000	13786.000000
0.318151	0.194390	0.875629	7829.000000	8941.000000	2696.000000	13869.000000
0.369330	0.229992	0.937006	12212.000000	13033.000000	3253.000000	14144.000000
0.361264	0.231045	0.827853	7603.000000	9184.000000	3227.000000	13967.000000
0.392614	0.259466	0.806457	9342.000000	11584.000000	3625.000000	13971.000000
0.283504	0.168733	0.886484	6841.000000	7717.000000	2314.000000	13714.000000
0.322720	0.200927	0.819406	9492.000000	11584.000000	2730.000000	13587.000000
0.547078	0.396933	0.879921	15960.000000	18138.000000	5513.000000	13889.000000
0.490893	0.329451	0.962603	16448.000000	17087.000000	4497.000000	13650.000000
0.381772	0.238133	0.962102	15105.000000	15700.000000	3291.000000	13820.000000
0.473703	0.316084	0.944874	15392.000000	16290.000000	4349.000000	13759.000000
0.613143	0.463156	0.906796	19147.000000	21115.000000	6430.000000	13883.000000
0.504283	0.346593	0.925243	11597.000000	12534.000000	4217.000000	12167.000000
0.506579	0.349585	0.919531	11450.000000	12452.000000	4797.000000	13722.000000
0.361032	0.227120	0.879723	6985.000000	7940.000000	3117.000000	13724.000000
0.466308	0.312500	0.918268	9224.000000	10045.000000	3900.000000	12480.000000
0.644221	0.492297	0.931766	15376.000000	16502.000000	6615.000000	13437.000000
0.641500	0.500036	0.894588	18331.000000	20491.000000	7026.000000	14051.000000
0.251049	0.148811	0.802142	5169.000000	6444.000000	2053.000000	13796.000000
0.185686	0.104153	0.854988	4817.000000	5634.000000	1432.000000	13749.000000
0.361861	0.226575	0.898121	9177.000000	10218.000000	3175.000000	14013.000000
0.415850	0.273957	0.862652	7449.000000	8635.000000	3585.000000	13086.000000
0.105609	0.056097	0.899809	3296.000000	3663.000000	766.000000	13655.000000
0.405801	0.264891	0.867007	7986.000000	9211.000000	3700.000000	13968.000000
0.501276	0.341080	0.945226	13581.000000	14368.000000	4770.000000	13985.000000
0.449184	0.310638	0.810811	11580.000000	14282.000000	4275.000000	13762.000000
0.592163	0.429347	0.953896	14628.000000	15335.000000	5849.000000	13623.000000
0.372847	0.235981	0.887715	13614.000000	15336.000000	3215.000000	13624.000000
0.624499	0.487221	0.869481	16108.000000	18526.000000	6577.000000	13499.000000
0.558690	0.406565	0.892725	16835.000000	18858.000000	5574.000000	13710.000000
0.314473	0.193677	0.835685	7878.000000	9427.000000	2524.000000	13032.000000
0.450108	0.305594	0.853927	10470.000000	12261.000000	4201.000000	13747.000000
0.627581	0.493879	0.860549	18408.000000	21391.000000	6858.000000	13886.000000
0.131915	0.072563	0.724501	3921.000000	5412.000000	1055.000000	14539.000000
0.434852	0.283393	0.934055	15694.000000	16802.000000	3802.000000	13416.000000
0.530102	0.377354	0.890607	13995.000000	15714.000000	5049.000000	13380.000000
0.673660	0.547805	0.874592	18237.000000	20852.000000	7523.000000	13733.000000
0.434606	0.292230	0.847524	14324.000000	16901.000000	4062.000000	13900.000000
0.535801	0.380010	0.908086	15037.000000	16559.000000	4760.000000	12526.000000
0.502529	0.343630	0.934784	14004.000000	14981.000000	4739.000000	13791.000000
0.430732	0.290073	0.836226	10840.000000	12963.000000	4050.000000	13962.000000
0.549712	0.423220	0.784047	17231.000000	21977.000000	5898.000000	13936.000000
0.381399	0.241311	0.909239	10619.000000	11679.000000	3388.000000	14040.000000
0.461648	0.316845	0.850206	9280.000000	10915.000000	4394.000000	13868.000000
0.273931	0.160271	0.941900	8122.000000	8623.000000	2126.000000	13265.000000
0.422949	0.273680	0.930403	17312.000000	18607.000000	3551.000000	12975.000000
0.384966	0.245041	0.897409	11879.000000	13237.000000	3459.000000	14116.000000
0.309946	0.191399	0.814295	6095.000000	7485.000000	2568.000000	13417.000000
0.553729	0.400213	0.898309	16784.000000	18684.000000	5639.000000	14090.000000
0.428754	0.289210	0.828512	23142.000000	27932.000000	4042.000000	13976.000000
0.567580	0.411230	0.915751	16000.000000	17472.000000	5698.000000	13856.000000
0.431044	0.289478	0.843601	12584.000000	14917.000000	3989.000000	13780.000000
0.343760	0.216001	0.841457	7717.000000	9171.000000	2959.000000	13699.000000
0.481845	0.332927	0.871804	17627.000000	20219.000000	4641.000000	13940.000000
0.490348	0.335717	0.909060	16074.000000	17682.000000	4788.000000	14262.000000
0.223423	0.126685	0.945155	5618.000000	5944.000000	1701.000000	13427.000000
0.335306	0.205784	0.904777	8637.000000	9546.000000	2711.000000	13174.000000
0.444312	0.298574	0.867988	13354.000000	15385.000000	4020.000000	13464.000000
0.505177	0.349864	0.908469	16337.000000	17983.000000	4882.000000	13954.000000
0.411549	0.268101	0.885153	12216.000000	13801.000000	3714.000000	13853.000000
0.478893	0.327832	0.888136	9829.000000	11067.000000	4509.000000	13754.000000
0.373974	0.235940	0.901233	8331.000000	9244.000000	3268.000000	13851.000000
0.442617	0.299015	0.851591	11723.000000	13766.000000	4191.000000	14016.000000
0.399630	0.253274	0.946672	15231.000000	16089.000000	3520.000000	13898.000000
0.281024	0.167502	0.872032	7748.000000	8885.000000	2307.000000	13773.000000
0.474356	0.319172	0.923245	13087.000000	14175.000000	4132.000000	12946.000000
0.362478	0.225963	0.915691	6647.000000	7259.000000	3168.000000	14020.000000
0.429142	0.283871	0.878935	13010.000000	14802.000000	3939.000000	13876.000000
0.349436	0.215208	0.928645	8993.000000	9684.000000	3017.000000	14019.000000
0.300263	0.182289	0.851052	6068.000000	7130.000000	2536.000000	13912.000000
0.547262	0.389237	0.921294	10254.000000	11130.000000	5150.000000	13231.000000
0.455794	0.306306	0.890283	11068.000000	12432.000000	4250.000000	13875.000000
0.489906	0.354839	0.790991	13503.000000	17071.000000	4851.000000	13671.000000
0.499049	0.340933	0.930666	14121.000000	15173.000000	4501.000000	13202.000000
0.385912	0.244909	0.909602	13926.000000	15310.000000	3115.000000	12719.000000
0.407589	0.268647	0.844208	12615.000000	14943.000000	3591.000000	13367.000000
0.442281	0.292534	0.906122	11988.000000	13230.000000	3824.000000	13072.000000
0.503157	0.356906	0.852487	15251.000000	17890.000000	4835.000000	13547.000000
0.261395	0.151432	0.954535	8272.000000	8666.000000	2104.000000	13894.000000
0.627317	0.488648	0.875873	17189.000000	19625.000000	6758.000000	13830.000000
0.346431	0.220634	0.805959	17474.000000	21681.000000	3071.000000	13919.000000
0.350578	0.221384	0.841874	12240.000000	14539.000000	2992.000000	13515.000000
0.473036	0.317086	0.930849	12990.000000	13955.000000	4144.000000	13069.000000
0.469295	0.315729	0.913716	8980.000000	9828.000000	4364.000000	13822.000000
0.600745	0.457023	0.876325	11571.000000	13204.000000	6120.000000	13391.000000
0.550956	0.405641	0.858498	19997.000000	23293.000000	5623.000000	13862.000000
0.474622	0.329901	0.845547	17354.000000	20524.000000	4389.000000	13304.000000
0.375719	0.234071	0.951557	9409.000000	9888.000000	3016.000000	12885.000000
0.434509	0.284909	0.914913	10301.000000	11259.000000	3842.000000	13485.000000
0.476050	0.317211	0.953511	13947.000000	14627.000000	4394.000000	13852.000000
0.416253	0.268849	0.921478	12592.000000	13665.000000	3655.000000	13595.000000
0.655530	0.514142	0.904177	19806.000000	21905.000000	7071.000000	13753.000000
0.470977	0.317565	0.911142	15709.000000	17241.000000	4209.000000	13254.000000
0.604011	0.448410	0.924987	17769.000000	19210.000000	6219.000000	13869.000000
0.468182	0.314241	0.917786	13798.000000	15034.000000	4252.000000	13531.000000
0.461732	0.322763	0.810856	16149.000000	19916.000000	4509.000000	13970.000000
0.424106	0.274501	0.932118	17686.000000	18974.000000	3756.000000	13683.000000
0.612527	0.463927	0.901183	21477.000000	23832.000000	6379.000000	13750.000000
0.518317	0.364334	0.897741	14784.000000	16468.000000	4987.000000	13688.000000
0.482592	0.335409	0.859953	10144.000000	11796.000000	4417.000000	13169.000000
0.452345	0.300557	0.913868	13443.000000	14710.000000	4209.000000	14004.000000
0.718316	0.588993	0.920406	23914.000000	25982.000000	8005.000000	13591.000000
0.499211	0.340808	0.932729	17803.000000	19087.000000	4620.000000	13556.000000
0.466622	0.312676	0.919178	16286.000000	17718.000000	4319.000000	13813.000000
0.487801	0.336525	0.886148	12033.000000	13579.000000	4710.000000	13996.000000
0.470343	0.330928	0.812734	14526.000000	17873.000000	4449.000000	13444.000000
0.391464	0.246515	0.950148	10902.000000	11474.000000	3395.000000	13772.000000
0.452896	0.306763	0.864914	13849.000000	16012.000000	4368.000000	14239.000000
0.704118	0.564395	0.935783	26813.000000	28653.000000	7761.000000	13751.000000
0.257953	0.150272	0.910116	9285.000000	10202.000000	2096.000000	13948.000000
0.325236	0.196728	0.937886	8667.000000	9241.000000	2730.000000	13877.000000
0.390561	0.250736	0.882942	8810.000000	9978.000000	3407.000000	13588.000000
0.461579	0.312622	0.881677	13897.000000	15762.000000	4327.000000	13841.000000
0.219297	0.124462	0.921253	7499.000000	8140.000000	1707.000000	13715.000000
0.291329	0.176159	0.841478	7835.000000	9311.000000	2524.000000	14328.000000
0.558435	0.403795	0.905030	14933.000000	16500.000000	5448.000000	13492.000000
0.537556	0.385044	0.890125	14801.000000	16628.000000	5319.000000	13814.000000
0.159699	0.087298	0.935828	4302.000000	4597.000000	1222.000000	13998.000000
0.590986	0.474800	0.782456	16484.000000	21067.000000	6585.000000	13869.000000
0.557922	0.397945	0.932996	18088.000000	19387.000000	5615.000000	14110.000000
0.329325	0.201130	0.908167	8574.000000	9441.000000	2777.000000	13807.000000
0.081396	0.042992	0.762733	1228.000000	1610.000000	588.000000	13677.000000
0.612527	0.464676	0.898373	18493.000000	20585.000000	6426.000000	13829.000000
0.562557	0.413513	0.879595	17971.000000	20431.000000	5845.000000	14135.000000
0.414017	0.270892	0.877800	12578.000000	14329.000000	3650.000000	13474.000000
0.381232	0.243622	0.876087	16113.000000	18392.000000	3352.000000	13759.000000
0.310193	0.185469	0.947093	6874.000000	7258.000000	2568.000000	13846.000000
0.588772	0.442924	0.877825	16820.000000	19161.000000	5925.000000	13377.000000
0.640452	0.480367	0.960567	21412.000000	22291.000000	6496.000000	13523.000000
0.371777	0.235388	0.883969	8525.000000	9644.000000	3238.000000	13756.000000
0.287988	0.169930	0.943447	9459.000000	10026.000000	2352.000000	13841.000000
0.344624	0.219132	0.806475	8818.000000	10934.000000	2994.000000	13663.000000
0.324441	0.201918	0.825115	9521.000000	11539.000000	2842.000000	14075.000000
0.411535	0.267112	0.895978	10293.000000	11488.000000	3762.000000	14084.000000
0.544399	0.381482	0.950194	13488.000000	14195.000000	4804.000000	12593.000000
0.596207	0.435458	0.945083	18414.000000	19484.000000	5519.000000	12674.000000
0.292451	0.174282	0.908327	10810.000000	11901.000000	2403.000000	13788.000000
0.573405	0.430095	0.859939	15509.000000	18035.000000	6088.000000	14155.000000
0.575958	0.416812	0.931698	14091.000000	15124.000000	5752.000000	13800.000000
0.676746	0.539685	0.907124	21927.000000	24172.000000	7330.000000	13582.000000
0.352344	0.224096	0.823802	8182.000000	9932.000000	3097.000000	13820.000000
0.305589	0.184340	0.892860	10992.000000	12311.000000	2505.000000	13589.000000
0.556385	0.422993	0.812657	18466.000000	22723.000000	5644.000000	13343.000000
0.421445	0.273148	0.922037	10916.000000	11839.000000	3484.000000	12755.000000
0.610140	0.474102	0.855663	22296.000000	26057.000000	6334.000000	13360.000000
0.457503	0.312936	0.850336	11386.000000	13390.000000	4311.000000	13776.000000
0.658452	0.549116	0.822155	16744.000000	20366.000000	7513.000000	13682.000000
0.462857	0.310887	0.905479	15270.000000	16864.000000	4312.000000	13870.000000
0.582616	0.426975	0.916817	20886.000000	22781.000000	5730.000000	13420.000000
0.572512	0.415454	0.920497	23388.000000	25408.000000	5737.000000	13809.000000
0.656283	0.513652	0.908576	20552.000000	22620.000000	7017.000000	13661.000000
0.514842	0.364630	0.875519	14538.000000	16605.000000	5138.000000	14091.000000
0.401344	0.259616	0.883845	10630.000000	12027.000000	3584.000000	13805.000000
0.677968	0.553276	0.875217	26702.000000	30509.000000	7659.000000	13843.000000
0.456466	0.306221	0.896155	12306.000000	13732.000000	4292.000000	14016.000000
0.449540	0.299771	0.898377	13287.000000	14790.000000	4198.000000	14004.000000
0.711104	0.590433	0.893769	23179.000000	25934.000000	8233.000000	13944.000000
0.320317	0.194589	0.905168	9984.000000	11030.000000	2769.000000	14230.000000
0.413537	0.266305	0.924872	10661.000000	11527.000000	3585.000000	13462.000000
0.375940	0.238738	0.883937	10929.000000	12364.000000	3291.000000	13785.000000
0.332554	0.200804	0.967050	12180.000000	12595.000000	2549.000000	12694.000000
0.232068	0.133419	0.890502	6807.000000	7644.000000	1872.000000	14031.000000
0.530551	0.414200	0.737802	11734.000000	15904.000000	5822.000000	14056.000000
0.410264	0.271129	0.842724	11263.000000	13365.000000	3670.000000	13536.000000
0.448455	0.294281	0.941937	12232.000000	12986.000000	4029.000000	13691.000000
0.427456	0.282746	0.875571	11878.000000	13566.000000	3838.000000	13574.000000
0.424053	0.280436	0.869182	12232.000000	14073.000000	3863.000000	13775.000000
0.386233	0.242560	0.947398	13670.000000	14429.000000	3415.000000	14079.000000
0.488550	0.340500	0.864386	16400.000000	18973.000000	4640.000000	13627.000000
0.627605	0.513409	0.807133	16974.000000	21030.000000	7160.000000	13946.000000
0.542039	0.384504	0.918258	16210.000000	17653.000000	4764.000000	12390.000000
0.175486	0.098500	0.803419	3760.000000	4680.000000	1340.000000	13604.000000
0.218381	0.124322	0.897117	6784.000000	7562.000000	1720.000000	13835.000000
0.482042	0.331836	0.880682	16526.000000	18765.000000	4654.000000	14025.000000
0.548138	0.397014	0.885024	16180.000000	18282.000000	5505.000000	13866.000000
0.624810	0.468241	0.938685	34767.000000	37038.000000	6266.000000	13382.000000
0.639001	0.485934	0.932840	23071.000000	24732.000000	6564.000000	13508.000000
0.474896	0.325196	0.879985	16857.000000	19156.000000	4556.000000	14010.000000
0.401905	0.263080	0.850942	10390.000000	12210.000000	3535.000000	13437.000000
0.313151	0.193521	0.820139	6589.000000	8034.000000	2736.000000	14138.000000
0.615879	0.473340	0.881256	17433.000000	19782.000000	6445.000000	13616.000000
0.457296	0.301652	0.944773	15670.000000	16586.000000	4199.000000	13920.000000
0.384724	0.246160	0.880171	10915.000000	12401.000000	3430.000000	13934.000000
0.500831	0.344301	0.918332	16451.000000	17914.000000	4782.000000	13889.000000
0.578203	0.447749	0.815925	20279.000000	24854.000000	6217.000000	13885.000000
0.217328	0.123266	0.917306	3350.000000	3652.000000	1706.000000	13840.000000
0.604759	0.464886	0.865025	16195.000000	18722.000000	5395.000000	11605.000000
0.579372	0.475578	0.741121	15797.000000	21315.000000	6582.000000	13840.000000
0.418079	0.295895	0.712150	8669.000000	12173.000000	4065.000000	13738.000000
0.396953	0.250625	0.953871	11704.000000	12270.000000	3506.000000	13989.000000
0.362686	0.227120	0.899732	8731.000000	9704.000000	3169.000000	13953.000000
0.262151	0.152249	0.942529	7872.000000	8352.000000	2126.000000	13964.000000
0.397452	0.258529	0.859101	10719.000000	12477.000000	3539.000000	13689.000000
0.410099	0.265306	0.902817	12467.000000	13809.000000	3666.000000	13818.000000
