0.561134	0.463609	0.710618	12595.000000	17724.000000	3134.000000	6760.000000
0.516739	0.493299	0.542516	8594.000000	15841.000000	3497.000000	7089.000000
0.622868	0.624541	0.621205	13792.000000	22202.000000	4418.000000	7074.000000
0.493081	0.366839	0.751802	9284.000000	12349.000000	2478.000000	6755.000000
0.503109	0.485802	0.521694	13082.000000	25076.000000	3319.000000	6832.000000
0.256665	0.158795	0.668977	5406.000000	8081.000000	1049.000000	6606.000000
0.377471	0.264060	0.661638	5307.000000	8021.000000	1803.000000	6828.000000
0.407436	0.286349	0.705961	6312.000000	8941.000000	1997.000000	6974.000000
0.495125	0.359629	0.794445	10354.000000	13033.000000	2480.000000	6896.000000
0.364468	0.268406	0.567618	5213.000000	9184.000000	1914.000000	7131.000000
0.389567	0.306514	0.534358	6190.000000	11584.000000	2141.000000	6985.000000
0.375799	0.248893	0.766749	5917.000000	7717.000000	1743.000000	7003.000000
0.421864	0.304546	0.686205	7949.000000	11584.000000	2137.000000	7017.000000
0.602735	0.544023	0.675653	12255.000000	18138.000000	3800.000000	6985.000000
0.622032	0.492354	0.844443	14429.000000	17087.000000	3413.000000	6932.000000
0.544970	0.394919	0.878917	13799.000000	15700.000000	2736.000000	6928.000000
0.534732	0.414589	0.752916	12265.000000	16290.000000	2944.000000	7101.000000
0.677847	0.638413	0.722472	15255.000000	21115.000000	4474.000000	7008.000000
0.613999	0.488292	0.826871	10364.000000	12534.000000	3274.000000	6705.000000
0.564296	0.446247	0.767266	9554.000000	12452.000000	3163.000000	7088.000000
0.427253	0.307214	0.701259	5568.000000	7940.000000	2172.000000	7070.000000
0.535169	0.420578	0.735590	7389.000000	10045.000000	2796.000000	6648.000000
0.701571	0.645143	0.768816	12687.000000	16502.000000	4456.000000	6907.000000
0.672952	0.667360	0.678639	13906.000000	20491.000000	4815.000000	7215.000000
0.310405	0.206705	0.622905	4014.000000	6444.000000	1449.000000	7010.000000
0.243280	0.146490	0.717075	4040.000000	5634.000000	1037.000000	7079.000000
0.471489	0.337675	0.780975	7980.000000	10218.000000	2411.000000	7140.000000
0.565756	0.458415	0.738738	6379.000000	8635.000000	3059.000000	6673.000000
0.187249	0.104670	0.887251	3250.000000	3663.000000	724.000000	6917.000000
0.469518	0.362157	0.667354	6147.000000	9211.000000	2559.000000	7066.000000
0.587442	0.470024	0.783060	11251.000000	14368.000000	3332.000000	7089.000000
0.528257	0.437751	0.665943	9511.000000	14282.000000	3052.000000	6972.000000
0.681286	0.596927	0.793414	12167.000000	15335.000000	4157.000000	6964.000000
0.456080	0.332744	0.724700	11114.000000	15336.000000	2259.000000	6789.000000
0.660611	0.638006	0.684875	12688.000000	18526.000000	4519.000000	7083.000000
0.614449	0.544919	0.704316	13282.000000	18858.000000	3888.000000	7135.000000
0.404643	0.285473	0.694601	6548.000000	9427.000000	1861.000000	6519.000000
0.488236	0.399255	0.628252	7703.000000	12261.000000	2786.000000	6978.000000
0.634917	0.617822	0.652985	13968.000000	21391.000000	4465.000000	7227.000000
0.163204	0.098047	0.486511	2633.000000	5412.000000	698.000000	7119.000000
0.542075	0.422726	0.755327	12691.000000	16802.000000	2872.000000	6794.000000
0.582433	0.504277	0.689258	10831.000000	15714.000000	3419.000000	6780.000000
0.696130	0.723867	0.670439	13980.000000	20852.000000	5159.000000	7127.000000
0.482938	0.395304	0.620496	10487.000000	16901.000000	2643.000000	6686.000000
0.603108	0.513084	0.731445	12112.000000	16559.000000	3392.000000	6611.000000
0.599237	0.503126	0.740738	11097.000000	14981.000000	3541.000000	7038.000000
0.498975	0.406530	0.645838	8372.000000	12963.000000	2814.000000	6922.000000
0.552015	0.540071	0.564499	12406.000000	21977.000000	3821.000000	7075.000000
0.457821	0.325903	0.769158	8983.000000	11679.000000	2310.000000	7088.000000
0.491695	0.406028	0.623179	6802.000000	10915.000000	2856.000000	7034.000000
0.368469	0.239653	0.796706	6870.000000	8623.000000	1685.000000	7031.000000
0.574353	0.441749	0.820713	15271.000000	18607.000000	2859.000000	6472.000000
0.513278	0.383362	0.776384	10277.000000	13237.000000	2659.000000	6936.000000
0.389119	0.275472	0.662391	4958.000000	7485.000000	1925.000000	6988.000000
0.646227	0.571226	0.743899	13899.000000	18684.000000	4030.000000	7055.000000
0.463093	0.378892	0.595410	16631.000000	27932.000000	2653.000000	7002.000000
0.635680	0.579614	0.703755	12296.000000	17472.000000	3935.000000	6789.000000
0.533390	0.441698	0.673125	10041.000000	14917.000000	3038.000000	6878.000000
0.400588	0.284988	0.673972	6181.000000	9171.000000	2018.000000	7081.000000
0.552401	0.460958	0.689104	13933.000000	20219.000000	3235.000000	7018.000000
0.590251	0.483755	0.756871	13383.000000	17682.000000	3365.000000	6956.000000
0.349903	0.218454	0.878533	5222.000000	5944.000000	1501.000000	6871.000000
0.426976	0.297952	0.753090	7189.000000	9546.000000	2153.000000	7226.000000
0.547753	0.443497	0.716087	11017.000000	15385.000000	3018.000000	6805.000000
0.562294	0.461805	0.718679	12924.000000	17983.000000	3204.000000	6938.000000
0.525926	0.406605	0.744366	10273.000000	13801.000000	2758.000000	6783.000000
0.555167	0.444624	0.738863	8177.000000	11067.000000	3019.000000	6790.000000
0.458776	0.330480	0.749892	6932.000000	9244.000000	2278.000000	6893.000000
0.474677	0.383460	0.622839	8574.000000	13766.000000	2731.000000	7122.000000
0.505202	0.374222	0.777239	12505.000000	16089.000000	2587.000000	6913.000000
0.363191	0.245451	0.698030	6202.000000	8885.000000	1686.000000	6869.000000
0.543930	0.433343	0.730300	10352.000000	14175.000000	2971.000000	6856.000000
0.473665	0.340176	0.779584	5659.000000	7259.000000	2403.000000	7064.000000
0.514518	0.398414	0.726118	10748.000000	14802.000000	2814.000000	7063.000000
0.450469	0.320409	0.758261	7343.000000	9684.000000	2289.000000	7144.000000
0.329269	0.227663	0.594670	4240.000000	7130.000000	1618.000000	7107.000000
0.661828	0.576639	0.776550	8643.000000	11130.000000	3984.000000	6909.000000
0.563294	0.447290	0.760537	9455.000000	12432.000000	3144.000000	7029.000000
0.477264	0.417384	0.557202	9512.000000	17071.000000	3006.000000	7202.000000
0.586120	0.468366	0.782970	11880.000000	15173.000000	3161.000000	6749.000000
0.522808	0.384166	0.818027	12524.000000	15310.000000	2562.000000	6669.000000
0.462483	0.362435	0.638828	9546.000000	14943.000000	2441.000000	6735.000000
0.515836	0.399942	0.726304	9609.000000	13230.000000	2752.000000	6881.000000
0.535793	0.475474	0.613639	10978.000000	17890.000000	3257.000000	6850.000000
0.415267	0.268475	0.916224	7940.000000	8666.000000	1831.000000	6820.000000
0.659646	0.657295	0.662013	12992.000000	19625.000000	4559.000000	6936.000000
0.417274	0.312023	0.629676	13652.000000	21681.000000	2206.000000	7070.000000
0.415259	0.306815	0.642273	9338.000000	14539.000000	2098.000000	6838.000000
0.594026	0.479414	0.780652	10894.000000	13955.000000	3144.000000	6558.000000
0.535041	0.433377	0.699023	6870.000000	9828.000000	3002.000000	6927.000000
0.589101	0.558098	0.623750	8236.000000	13204.000000	3780.000000	6773.000000
0.546706	0.489221	0.619499	14430.000000	23293.000000	3404.000000	6958.000000
0.543067	0.456570	0.669996	13751.000000	20524.000000	3075.000000	6735.000000
0.462641	0.325455	0.799757	7908.000000	9888.000000	2272.000000	6981.000000
0.534114	0.404809	0.784794	8836.000000	11259.000000	2862.000000	7070.000000
0.550232	0.429784	0.764477	11182.000000	14627.000000	3088.000000	7185.000000
0.521820	0.397455	0.759458	10378.000000	13665.000000	2686.000000	6758.000000
0.672442	0.669538	0.675371	14794.000000	21905.000000	4741.000000	7081.000000
0.574949	0.460566	0.764921	13188.000000	17241.000000	3241.000000	7037.000000
0.639442	0.595550	0.690318	13261.000000	19210.000000	4229.000000	7101.000000
0.576135	0.459385	0.772449	11613.000000	15034.000000	3150.000000	6857.000000
0.538990	0.465763	0.639536	12737.000000	19916.000000	3197.000000	6864.000000
0.539633	0.414118	0.774323	14692.000000	18974.000000	2898.000000	6998.000000
0.620795	0.598581	0.644721	15365.000000	23832.000000	4135.000000	6908.000000
0.529108	0.443128	0.656485	10811.000000	16468.000000	3105.000000	7007.000000
0.531784	0.447049	0.656155	7740.000000	11796.000000	3090.000000	6912.000000
0.547681	0.439648	0.726105	10681.000000	14710.000000	3096.000000	7042.000000
0.709821	0.746445	0.676622	17580.000000	25982.000000	5249.000000	7032.000000
0.529714	0.432777	0.682611	13029.000000	19087.000000	3058.000000	7066.000000
0.554771	0.437482	0.757986	13430.000000	17718.000000	3065.000000	7006.000000
0.560370	0.481038	0.671036	9112.000000	13579.000000	3374.000000	7014.000000
0.483630	0.411696	0.586024	10474.000000	17873.000000	2823.000000	6857.000000
0.490710	0.352464	0.807391	9264.000000	11474.000000	2432.000000	6900.000000
0.494067	0.397839	0.651699	10435.000000	16012.000000	2872.000000	7219.000000
0.789735	0.788388	0.791086	22667.000000	28653.000000	5581.000000	7079.000000
0.344834	0.226219	0.724956	7396.000000	10202.000000	1591.000000	7033.000000
0.400817	0.272128	0.760416	7027.000000	9241.000000	1940.000000	7129.000000
0.469050	0.354302	0.693726	6922.000000	9978.000000	2450.000000	6915.000000
0.507438	0.408938	0.668443	10536.000000	15762.000000	2919.000000	7138.000000
0.304915	0.189953	0.772359	6287.000000	8140.000000	1331.000000	7007.000000
0.336553	0.230812	0.621093	5783.000000	9311.000000	1663.000000	7205.000000
0.593732	0.525730	0.681939	11252.000000	16500.000000	3637.000000	6918.000000
0.542387	0.470412	0.640366	10648.000000	16628.000000	3291.000000	6996.000000
0.234377	0.136208	0.839243	3858.000000	4597.000000	954.000000	7004.000000
0.523852	0.547785	0.501922	10574.000000	21067.000000	3783.000000	6906.000000
0.653863	0.578170	0.752360	14586.000000	19387.000000	4031.000000	6972.000000
0.468394	0.329931	0.807118	7620.000000	9441.000000	2263.000000	6859.000000
0.113549	0.062628	0.607453	978.000000	1610.000000	429.000000	6850.000000
0.600210	0.562692	0.643090	13238.000000	20585.000000	3855.000000	6851.000000
0.575514	0.523386	0.639176	13059.000000	20431.000000	3704.000000	7077.000000
0.485965	0.382462	0.666271	9547.000000	14329.000000	2569.000000	6717.000000
0.471538	0.350955	0.718356	13212.000000	18392.000000	2463.000000	7018.000000
0.405732	0.273404	0.786305	5707.000000	7258.000000	1910.000000	6986.000000
0.638829	0.599540	0.683628	13099.000000	19161.000000	4174.000000	6962.000000
0.635387	0.591218	0.686690	15307.000000	22291.000000	4093.000000	6923.000000
0.424406	0.306743	0.688511	6640.000000	9644.000000	2188.000000	7133.000000
0.425660	0.283162	0.856872	8591.000000	10026.000000	1981.000000	6996.000000
0.361050	0.264702	0.567679	6207.000000	10934.000000	1823.000000	6887.000000
0.396613	0.287356	0.639917	7384.000000	11539.000000	2075.000000	7221.000000
0.471716	0.353844	0.707347	8126.000000	11488.000000	2582.000000	7297.000000
0.639230	0.535687	0.792392	11248.000000	14195.000000	3490.000000	6515.000000
0.670599	0.607682	0.748050	14575.000000	19484.000000	4066.000000	6691.000000
0.335573	0.225471	0.655827	7805.000000	11901.000000	1581.000000	7012.000000
0.538586	0.510764	0.569615	10273.000000	18035.000000	3630.000000	7107.000000
0.646091	0.566527	0.751653	11368.000000	15124.000000	3930.000000	6937.000000
0.677959	0.686597	0.669535	16184.000000	24172.000000	4846.000000	7058.000000
0.417591	0.309181	0.643073	6387.000000	9932.000000	2172.000000	7025.000000
0.404566	0.280110	0.728048	8963.000000	12311.000000	1942.000000	6933.000000
0.514550	0.496242	0.534260	12140.000000	22723.000000	3367.000000	6785.000000
0.522415	0.395376	0.769744	9113.000000	11839.000000	2702.000000	6834.000000
0.604522	0.598984	0.610162	15899.000000	26057.000000	4127.000000	6890.000000
0.513917	0.421435	0.658402	8816.000000	13390.000000	2961.000000	7026.000000
0.605948	0.656930	0.562310	11452.000000	20366.000000	4588.000000	6984.000000
0.531211	0.434025	0.684476	11543.000000	16864.000000	2990.000000	6889.000000
0.609573	0.528948	0.719196	16384.000000	22781.000000	3755.000000	7099.000000
0.634828	0.583043	0.696710	17702.000000	25408.000000	4016.000000	6888.000000
0.674686	0.662761	0.687047	15541.000000	22620.000000	4695.000000	7084.000000
0.562511	0.486567	0.666546	11068.000000	16605.000000	3423.000000	7035.000000
0.503221	0.381567	0.738754	8885.000000	12027.000000	2629.000000	6890.000000
0.653595	0.693358	0.618145	18859.000000	30509.000000	4823.000000	6956.000000
0.562741	0.442664	0.772211	10604.000000	13732.000000	3150.000000	7116.000000
0.608051	0.498170	0.780122	11538.000000	14790.000000	3403.000000	6831.000000
0.702369	0.753284	0.657901	17062.000000	25934.000000	5218.000000	6927.000000
0.400536	0.277920	0.716772	7906.000000	11030.000000	1961.000000	7056.000000
0.499506	0.384473	0.712761	8216.000000	11527.000000	2709.000000	7046.000000
0.477254	0.346104	0.768441	9501.000000	12364.000000	2385.000000	6891.000000
0.443839	0.301700	0.839222	10570.000000	12595.000000	2006.000000	6649.000000
0.270858	0.172190	0.634354	4849.000000	7644.000000	1221.000000	7091.000000
0.513152	0.522414	0.504213	8019.000000	15904.000000	3671.000000	7027.000000
0.456339	0.352187	0.647961	8660.000000	13365.000000	2472.000000	7019.000000
0.585870	0.454599	0.823733	10697.000000	12986.000000	3069.000000	6751.000000
0.511321	0.393376	0.730282	9907.000000	13566.000000	2791.000000	7095.000000
0.482505	0.393249	0.624174	8784.000000	14073.000000	2796.000000	7110.000000
0.535394	0.393086	0.839213	12109.000000	14429.000000	2695.000000	6856.000000
0.558488	0.472489	0.682760	12954.000000	18973.000000	3203.000000	6779.000000
0.564959	0.599609	0.534094	11232.000000	21030.000000	4292.000000	7158.000000
0.582620	0.497753	0.702374	12399.000000	17653.000000	3323.000000	6676.000000
0.240470	0.146415	0.672436	3147.000000	4680.000000	1023.000000	6987.000000
0.279480	0.173762	0.713700	5397.000000	7562.000000	1253.000000	7211.000000
0.509353	0.413091	0.664109	12462.000000	18765.000000	3004.000000	7272.000000
0.574343	0.510433	0.656547	12003.000000	18282.000000	3596.000000	7045.000000
0.674013	0.612845	0.748745	27732.000000	37038.000000	4418.000000	7209.000000
0.716430	0.687880	0.747453	18486.000000	24732.000000	4756.000000	6914.000000
0.582926	0.490310	0.718678	13767.000000	19156.000000	3365.000000	6863.000000
0.467025	0.352619	0.691319	8441.000000	12210.000000	2450.000000	6948.000000
0.394502	0.286097	0.635176	5103.000000	8034.000000	2027.000000	7085.000000
0.630598	0.615142	0.646851	12796.000000	19782.000000	4290.000000	6974.000000
0.509456	0.385398	0.751296	12461.000000	16586.000000	2729.000000	7081.000000
0.437167	0.325238	0.666559	8266.000000	12401.000000	2290.000000	7041.000000
0.598071	0.492548	0.761137	13635.000000	17914.000000	3437.000000	6978.000000
0.540964	0.548665	0.533475	13259.000000	24854.000000	3946.000000	7192.000000
0.282382	0.173089	0.766156	2798.000000	3652.000000	1141.000000	6592.000000
0.605601	0.558398	0.661521	12385.000000	18722.000000	3514.000000	6293.000000
0.516260	0.553218	0.483932	10315.000000	21315.000000	3971.000000	7178.000000
0.374314	0.335018	0.424053	5162.000000	12173.000000	2387.000000	7125.000000
0.507984	0.380328	0.764629	9382.000000	12270.000000	2668.000000	7015.000000
0.471466	0.340903	0.764118	7415.000000	9704.000000	2372.000000	6958.000000
0.365658	0.236766	0.802562	6703.000000	8352.000000	1637.000000	6914.000000
0.430615	0.333333	0.608079	7587.000000	12477.000000	2310.000000	6930.000000
0.512731	0.393113	0.736983	10177.000000	13809.000000	2740.000000	6970.000000
