0.408826	0.676733	0.292880	5191.000000	17724.000000	986.000000	1457.000000
0.389987	0.827607	0.255098	4041.000000	15841.000000	1349.000000	1630.000000
0.269905	0.740458	0.165030	3664.000000	22202.000000	970.000000	1310.000000
0.502256	0.766265	0.373553	4613.000000	12349.000000	954.000000	1245.000000
0.259352	0.632719	0.163104	4090.000000	25076.000000	789.000000	1247.000000
0.322174	0.351675	0.297240	2402.000000	8081.000000	441.000000	1254.000000
0.309997	0.444444	0.238000	1909.000000	8021.000000	568.000000	1278.000000
0.410731	0.685838	0.293144	2621.000000	8941.000000	954.000000	1391.000000
0.523292	0.817212	0.384869	5016.000000	13033.000000	1073.000000	1313.000000
0.403913	0.578711	0.310213	2849.000000	9184.000000	772.000000	1334.000000
0.333723	0.546275	0.240245	2783.000000	11584.000000	726.000000	1329.000000
0.543205	0.580308	0.510561	3940.000000	7717.000000	943.000000	1625.000000
0.396180	0.549008	0.309910	3590.000000	11584.000000	969.000000	1765.000000
0.439060	0.953376	0.285202	5173.000000	18138.000000	1186.000000	1244.000000
0.685431	0.877184	0.562474	9611.000000	17087.000000	1707.000000	1946.000000
0.735763	0.937031	0.605669	9509.000000	15700.000000	1622.000000	1731.000000
0.357345	0.523659	0.271209	4418.000000	16290.000000	830.000000	1585.000000
0.422795	0.888624	0.277386	5857.000000	21115.000000	1492.000000	1679.000000
0.572163	0.950361	0.409287	5130.000000	12534.000000	1053.000000	1108.000000
0.549001	0.889787	0.396964	4943.000000	12452.000000	1211.000000	1361.000000
0.449067	0.633751	0.347733	2761.000000	7940.000000	860.000000	1357.000000
0.427585	0.668172	0.314385	3158.000000	10045.000000	888.000000	1329.000000
0.623693	0.930999	0.468913	7738.000000	16502.000000	1808.000000	1942.000000
0.322408	0.757651	0.204773	4196.000000	20491.000000	1213.000000	1601.000000
0.258410	0.355014	0.203135	1309.000000	6444.000000	393.000000	1107.000000
0.285105	0.282710	0.287540	1620.000000	5634.000000	363.000000	1284.000000
0.456042	0.667785	0.346252	3538.000000	10218.000000	995.000000	1490.000000
0.521141	0.935262	0.361204	3119.000000	8635.000000	1358.000000	1452.000000
0.510328	0.423077	0.642916	2355.000000	3663.000000	484.000000	1144.000000
0.264732	0.448945	0.187710	1729.000000	9211.000000	532.000000	1185.000000
0.553101	0.914121	0.396506	5697.000000	14368.000000	1107.000000	1211.000000
0.409598	0.826158	0.272301	3889.000000	14282.000000	1017.000000	1231.000000
0.560860	0.979290	0.392957	6026.000000	15335.000000	1324.000000	1352.000000
0.575048	0.809149	0.446009	6840.000000	15336.000000	1132.000000	1399.000000
0.511221	0.867073	0.362464	6715.000000	18526.000000	1709.000000	1971.000000
0.429900	0.892756	0.283116	5339.000000	18858.000000	1257.000000	1408.000000
0.503355	0.734615	0.382837	3609.000000	9427.000000	955.000000	1300.000000
0.318411	0.527861	0.227959	2795.000000	12261.000000	701.000000	1328.000000
0.350502	0.765417	0.227292	4862.000000	21391.000000	1266.000000	1654.000000
0.271464	0.258158	0.286216	1549.000000	5412.000000	356.000000	1379.000000
0.457305	0.931304	0.303059	5092.000000	16802.000000	1071.000000	1150.000000
0.409350	0.669654	0.294769	4632.000000	15714.000000	1121.000000	1674.000000
0.348749	0.890034	0.216862	4522.000000	20852.000000	1295.000000	1455.000000
0.425026	0.789308	0.290811	4915.000000	16901.000000	1004.000000	1272.000000
0.401686	0.771626	0.271514	4496.000000	16559.000000	1115.000000	1445.000000
0.404978	0.718008	0.282024	4225.000000	14981.000000	937.000000	1305.000000
0.247455	0.452211	0.170331	2208.000000	12963.000000	634.000000	1402.000000
0.306612	0.767629	0.191564	4210.000000	21977.000000	1143.000000	1489.000000
0.552051	0.680253	0.464509	5425.000000	11679.000000	968.000000	1423.000000
0.390717	0.693851	0.271919	2968.000000	10915.000000	1072.000000	1545.000000
0.453710	0.543643	0.389308	3357.000000	8623.000000	791.000000	1455.000000
0.494697	0.812991	0.355511	6615.000000	18607.000000	1139.000000	1401.000000
0.564851	0.826804	0.428949	5678.000000	13237.000000	1203.000000	1455.000000
0.436650	0.612626	0.339212	2539.000000	7485.000000	854.000000	1394.000000
0.465254	0.875567	0.316795	5919.000000	18684.000000	1351.000000	1543.000000
0.387433	0.759654	0.260024	7263.000000	27932.000000	1141.000000	1502.000000
0.364665	0.754448	0.240442	4201.000000	17472.000000	1060.000000	1405.000000
0.385499	0.917431	0.244017	3640.000000	14917.000000	1000.000000	1090.000000
0.544592	0.737156	0.431796	3960.000000	9171.000000	990.000000	1343.000000
0.499222	0.846053	0.354073	7159.000000	20219.000000	1286.000000	1520.000000
0.564443	0.885948	0.414150	7323.000000	17682.000000	1406.000000	1587.000000
0.685661	0.643671	0.733513	4360.000000	5944.000000	1017.000000	1580.000000
0.399047	0.537517	0.317306	3029.000000	9546.000000	788.000000	1466.000000
0.534485	0.906632	0.378941	5830.000000	15385.000000	1408.000000	1553.000000
0.535154	0.865828	0.387255	6964.000000	17983.000000	1239.000000	1431.000000
0.639716	0.967655	0.477791	6594.000000	13801.000000	1436.000000	1484.000000
0.657246	0.933421	0.507184	5613.000000	11067.000000	1416.000000	1517.000000
0.558252	0.750853	0.444288	4107.000000	9244.000000	880.000000	1172.000000
0.255609	0.484917	0.173544	2389.000000	13766.000000	643.000000	1326.000000
0.599108	0.937102	0.440301	7084.000000	16089.000000	1177.000000	1256.000000
0.556883	0.701816	0.461564	4101.000000	8885.000000	1005.000000	1432.000000
0.466829	0.731554	0.342787	4859.000000	14175.000000	932.000000	1274.000000
0.297673	0.536694	0.205951	1495.000000	7259.000000	724.000000	1349.000000
0.390917	0.675987	0.274963	4070.000000	14802.000000	822.000000	1216.000000
0.500475	0.782308	0.367926	3563.000000	9684.000000	1132.000000	1447.000000
0.274354	0.335673	0.231978	1654.000000	7130.000000	574.000000	1710.000000
0.572994	0.940770	0.411950	4585.000000	11130.000000	1906.000000	2026.000000
0.575350	0.934894	0.415541	5166.000000	12432.000000	1278.000000	1367.000000
0.318567	0.667115	0.209244	3572.000000	17071.000000	992.000000	1487.000000
0.589039	0.889714	0.440256	6680.000000	15173.000000	1557.000000	1750.000000
0.682908	0.999318	0.518681	7941.000000	15310.000000	1465.000000	1466.000000
0.543033	0.818026	0.406411	6073.000000	14943.000000	1434.000000	1753.000000
0.523844	0.843816	0.379819	5025.000000	13230.000000	1194.000000	1415.000000
0.343176	0.697112	0.227613	4072.000000	17890.000000	1038.000000	1489.000000
0.683578	0.748677	0.628895	5450.000000	8666.000000	1132.000000	1512.000000
0.331831	0.790532	0.209987	4121.000000	19625.000000	1219.000000	1542.000000
0.293327	0.530757	0.202666	4394.000000	21681.000000	673.000000	1268.000000
0.394417	0.728242	0.270445	3932.000000	14539.000000	820.000000	1126.000000
0.507522	0.857366	0.360444	5030.000000	13955.000000	1100.000000	1283.000000
0.566743	0.868807	0.420533	4133.000000	9828.000000	1245.000000	1433.000000
0.441113	0.731638	0.315738	4169.000000	13204.000000	1036.000000	1416.000000
0.383120	0.914081	0.242347	5645.000000	23293.000000	1149.000000	1257.000000
0.459731	0.762702	0.329029	6753.000000	20524.000000	1276.000000	1673.000000
0.606614	0.713447	0.527609	5217.000000	9888.000000	1215.000000	1703.000000
0.544864	0.747308	0.428724	4827.000000	11259.000000	1180.000000	1579.000000
0.283999	0.526046	0.194503	2845.000000	14627.000000	616.000000	1171.000000
0.544893	0.845500	0.401976	5493.000000	13665.000000	1193.000000	1411.000000
0.330164	0.967581	0.199041	4360.000000	21905.000000	1164.000000	1203.000000
0.338992	0.613839	0.234151	4037.000000	17241.000000	825.000000	1344.000000
0.434968	0.919045	0.284904	5473.000000	19210.000000	1578.000000	1717.000000
0.490764	0.874048	0.341160	5129.000000	15034.000000	1263.000000	1445.000000
0.187004	0.510240	0.114481	2280.000000	19916.000000	573.000000	1123.000000
0.552327	0.785146	0.426004	8083.000000	18974.000000	1480.000000	1885.000000
0.348218	0.913834	0.215089	5126.000000	23832.000000	1156.000000	1265.000000
0.273430	0.574822	0.179378	2954.000000	16468.000000	726.000000	1263.000000
0.327215	0.658448	0.217701	2568.000000	11796.000000	908.000000	1379.000000
0.502747	0.797082	0.367165	5401.000000	14710.000000	1202.000000	1508.000000
0.406305	0.936759	0.259410	6740.000000	25982.000000	1422.000000	1518.000000
0.504642	0.775896	0.373919	7137.000000	19087.000000	1558.000000	2008.000000
0.557921	0.844417	0.416582	7381.000000	17718.000000	1346.000000	1594.000000
0.393835	0.702213	0.273658	3716.000000	13579.000000	1047.000000	1491.000000
0.500162	0.820000	0.359816	6431.000000	17873.000000	1435.000000	1750.000000
0.693920	0.918677	0.557521	6397.000000	11474.000000	1333.000000	1451.000000
0.292684	0.500674	0.206782	3311.000000	16012.000000	743.000000	1484.000000
0.453924	0.994953	0.294036	8425.000000	28653.000000	1380.000000	1387.000000
0.427060	0.520249	0.362184	3695.000000	10202.000000	835.000000	1605.000000
0.572230	0.694140	0.486744	4498.000000	9241.000000	1078.000000	1553.000000
0.406379	0.742696	0.279715	2791.000000	9978.000000	788.000000	1061.000000
0.359088	0.633605	0.250539	3949.000000	15762.000000	856.000000	1351.000000
0.443533	0.411962	0.480344	3910.000000	8140.000000	737.000000	1789.000000
0.377035	0.490240	0.306304	2852.000000	9311.000000	653.000000	1332.000000
0.409673	0.841619	0.270727	4467.000000	16500.000000	1185.000000	1408.000000
0.428681	0.790476	0.294082	4890.000000	16628.000000	1162.000000	1470.000000
0.516185	0.474415	0.566021	2602.000000	4597.000000	547.000000	1153.000000
0.245867	0.786005	0.145726	3070.000000	21067.000000	966.000000	1229.000000
0.534778	0.921174	0.376747	7304.000000	19387.000000	1601.000000	1738.000000
0.585924	0.682310	0.513399	4847.000000	9441.000000	1134.000000	1662.000000
0.005542	0.006265	0.004969	8.000000	1610.000000	8.000000	1277.000000
0.438185	0.868745	0.292980	6031.000000	20585.000000	1198.000000	1379.000000
0.453437	0.988866	0.294161	6010.000000	20431.000000	1421.000000	1437.000000
0.233647	0.444923	0.158420	2270.000000	14329.000000	517.000000	1162.000000
0.334993	0.500306	0.251794	4631.000000	18392.000000	817.000000	1633.000000
0.564009	0.750814	0.451640	3278.000000	7258.000000	922.000000	1228.000000
0.484207	0.869519	0.335525	6429.000000	19161.000000	1646.000000	1893.000000
0.433333	0.938705	0.281683	6279.000000	22291.000000	1363.000000	1452.000000
0.535081	0.760665	0.412692	3980.000000	9644.000000	1052.000000	1383.000000
0.480154	0.632653	0.386894	3879.000000	10026.000000	806.000000	1274.000000
0.389585	0.552713	0.300805	3289.000000	10934.000000	713.000000	1290.000000
0.113897	0.164216	0.087183	1006.000000	11539.000000	268.000000	1632.000000
0.431844	0.610473	0.334088	3838.000000	11488.000000	956.000000	1566.000000
0.551620	0.904762	0.396759	5632.000000	14195.000000	1330.000000	1470.000000
0.395462	0.897632	0.253593	4941.000000	19484.000000	1289.000000	1436.000000
0.262254	0.373159	0.202168	2406.000000	11901.000000	456.000000	1222.000000
0.294460	0.841973	0.178431	3218.000000	18035.000000	1007.000000	1196.000000
0.536186	0.904762	0.380984	5762.000000	15124.000000	1577.000000	1743.000000
0.417648	0.946821	0.267913	6476.000000	24172.000000	1638.000000	1730.000000
0.359073	0.736458	0.237414	2358.000000	9932.000000	707.000000	960.000000
0.492344	0.706309	0.377873	4652.000000	12311.000000	974.000000	1379.000000
0.310621	0.711831	0.198653	4514.000000	22723.000000	1077.000000	1513.000000
0.691946	0.947705	0.544894	6451.000000	11839.000000	1631.000000	1721.000000
0.423966	0.928863	0.274667	7157.000000	26057.000000	1593.000000	1715.000000
0.430972	0.729911	0.305751	4094.000000	13390.000000	981.000000	1344.000000
0.299958	0.873090	0.181086	3688.000000	20366.000000	1314.000000	1505.000000
0.417676	0.734884	0.291746	4920.000000	16864.000000	948.000000	1290.000000
0.443337	0.916006	0.292437	6662.000000	22781.000000	1156.000000	1262.000000
0.290954	0.783553	0.178645	4539.000000	25408.000000	1010.000000	1289.000000
0.479374	0.900254	0.326658	7389.000000	22620.000000	1769.000000	1965.000000
0.350244	0.607745	0.246010	4085.000000	16605.000000	973.000000	1601.000000
0.659339	0.995864	0.492808	5927.000000	12027.000000	1204.000000	1209.000000
0.239969	0.851528	0.139664	4261.000000	30509.000000	975.000000	1145.000000
0.529677	0.886537	0.377658	5186.000000	13732.000000	1047.000000	1181.000000
0.412950	0.851032	0.272617	4032.000000	14790.000000	1154.000000	1356.000000
0.371018	0.962932	0.229776	5959.000000	25934.000000	1143.000000	1187.000000
0.649792	0.891632	0.511151	5638.000000	11030.000000	1300.000000	1458.000000
0.506234	0.774916	0.375900	4333.000000	11527.000000	1384.000000	1786.000000
0.519011	0.690814	0.415642	5139.000000	12364.000000	925.000000	1339.000000
0.426128	0.549307	0.348075	4384.000000	12595.000000	713.000000	1298.000000
0.416845	0.500000	0.357405	2732.000000	7644.000000	665.000000	1330.000000
0.210077	0.675737	0.124371	1978.000000	15904.000000	894.000000	1323.000000
0.355130	0.603279	0.251627	3363.000000	13365.000000	920.000000	1525.000000
0.570260	0.920624	0.413060	5364.000000	12986.000000	1357.000000	1474.000000
0.452897	0.631841	0.352941	4788.000000	13566.000000	889.000000	1407.000000
0.273096	0.580265	0.178569	2513.000000	14073.000000	788.000000	1358.000000
0.678512	0.901659	0.543905	7848.000000	14429.000000	1522.000000	1688.000000
0.514481	0.986175	0.348021	6603.000000	18973.000000	1284.000000	1302.000000
0.274345	0.712103	0.169900	3573.000000	21030.000000	1165.000000	1636.000000
0.469504	0.944888	0.312355	5514.000000	17653.000000	1183.000000	1252.000000
0.298738	0.272653	0.330342	1546.000000	4680.000000	334.000000	1225.000000
0.493949	0.534114	0.459402	3474.000000	7562.000000	775.000000	1451.000000
0.473075	0.712817	0.354010	6643.000000	18765.000000	1040.000000	1459.000000
0.446654	0.897182	0.297342	5436.000000	18282.000000	1178.000000	1313.000000
0.372349	0.915395	0.233706	8656.000000	37038.000000	1320.000000	1442.000000
0.464268	0.942586	0.307982	7617.000000	24732.000000	1691.000000	1794.000000
0.368011	0.688274	0.251148	4811.000000	19156.000000	945.000000	1373.000000
0.437165	0.653899	0.328337	4009.000000	12210.000000	956.000000	1462.000000
0.518738	0.817568	0.379885	3052.000000	8034.000000	1089.000000	1332.000000
0.397706	0.851641	0.259428	5132.000000	19782.000000	1349.000000	1584.000000
0.465328	0.808562	0.326661	5418.000000	16586.000000	1001.000000	1238.000000
0.396079	0.552502	0.308685	3828.000000	12401.000000	784.000000	1419.000000
0.620455	0.849909	0.488556	8752.000000	17914.000000	1863.000000	2192.000000
0.281593	0.700272	0.176229	4380.000000	24854.000000	1028.000000	1468.000000
0.539956	0.480562	0.616101	2250.000000	3652.000000	581.000000	1209.000000
0.476660	0.920462	0.321600	6021.000000	18722.000000	1435.000000	1559.000000
0.220956	0.701536	0.131128	2795.000000	21315.000000	959.000000	1367.000000
0.141450	0.357851	0.088146	1073.000000	12173.000000	433.000000	1210.000000
0.568017	0.881579	0.418989	5141.000000	12270.000000	1139.000000	1292.000000
0.491904	0.725431	0.372115	3611.000000	9704.000000	967.000000	1333.000000
0.609303	0.644854	0.577466	4823.000000	8352.000000	1015.000000	1574.000000
0.410317	0.739812	0.283882	3542.000000	12477.000000	944.000000	1276.000000
0.477155	0.742268	0.351582	4855.000000	13809.000000	1080.000000	1455.000000
