0.598656	0.460980	0.853588	15129.000000	17724.000000	3999.000000	8675.000000
0.639291	0.672535	0.609179	9650.000000	15841.000000	3744.000000	5567.000000
0.671624	0.583623	0.790875	17559.000000	22202.000000	6044.000000	10356.000000
0.591348	0.453009	0.851324	10513.000000	12349.000000	2921.000000	6448.000000
0.604983	0.558153	0.660392	16560.000000	25076.000000	3988.000000	7145.000000
0.480640	0.648649	0.381760	3085.000000	8081.000000	552.000000	851.000000
0.534433	0.512536	0.558285	4478.000000	8021.000000	1247.000000	2433.000000
0.460945	0.321101	0.816575	7301.000000	8941.000000	2345.000000	7303.000000
0.772417	0.862024	0.699685	9119.000000	13033.000000	1993.000000	2312.000000
0.403326	0.274741	0.758166	6963.000000	9184.000000	2679.000000	9751.000000
0.475312	0.361453	0.693888	8038.000000	11584.000000	2995.000000	8286.000000
0.344928	0.217233	0.836854	6458.000000	7717.000000	1964.000000	9041.000000
0.423371	0.298376	0.728591	8440.000000	11584.000000	2296.000000	7695.000000
0.737890	0.661576	0.834105	15129.000000	18138.000000	4895.000000	7399.000000
0.559767	0.405546	0.903260	15434.000000	17087.000000	4066.000000	10026.000000
0.496753	0.336655	0.947197	14871.000000	15700.000000	3108.000000	9232.000000
0.558952	0.439052	0.768938	12526.000000	16290.000000	3447.000000	7851.000000
0.713416	0.613608	0.852001	17990.000000	21115.000000	5925.000000	9656.000000
0.723138	0.653494	0.809398	10145.000000	12534.000000	3208.000000	4909.000000
0.607872	0.449977	0.936476	11661.000000	12452.000000	4880.000000	10845.000000
0.497840	0.362314	0.795340	6315.000000	7940.000000	2392.000000	6602.000000
0.591371	0.448692	0.867098	8710.000000	10045.000000	3603.000000	8030.000000
0.688240	0.552777	0.911647	15044.000000	16502.000000	6698.000000	12117.000000
0.743648	0.694301	0.800547	16404.000000	20491.000000	5762.000000	8299.000000
0.314778	0.201101	0.724084	4666.000000	6444.000000	1790.000000	8901.000000
0.290179	0.198524	0.539049	3037.000000	5634.000000	807.000000	4065.000000
0.445790	0.311841	0.781464	7985.000000	10218.000000	2394.000000	7677.000000
0.683790	0.597512	0.799189	6901.000000	8635.000000	3266.000000	5466.000000
0.973874	0.964056	0.983893	3604.000000	3663.000000	751.000000	779.000000
0.438687	0.300513	0.812073	7480.000000	9211.000000	3336.000000	11101.000000
0.703340	0.602959	0.843820	12124.000000	14368.000000	3546.000000	5881.000000
0.519098	0.387082	0.787775	11251.000000	14282.000000	4093.000000	10574.000000
0.652103	0.506569	0.914966	14031.000000	15335.000000	5552.000000	10960.000000
0.452270	0.310263	0.833985	12790.000000	15336.000000	2878.000000	9276.000000
0.654960	0.552711	0.803627	14888.000000	18526.000000	5851.000000	10586.000000
0.654519	0.517300	0.890816	16799.000000	18858.000000	5457.000000	10549.000000
0.526547	0.394689	0.790708	7454.000000	9427.000000	2170.000000	5498.000000
0.484564	0.344351	0.817388	10022.000000	12261.000000	4115.000000	11950.000000
0.658312	0.544925	0.831284	17782.000000	21391.000000	6362.000000	11675.000000
0.321024	0.209725	0.684035	3702.000000	5412.000000	992.000000	4730.000000
0.578929	0.437760	0.854482	14357.000000	16802.000000	3260.000000	7447.000000
0.671673	0.544109	0.877370	13787.000000	15714.000000	4410.000000	8105.000000
0.755965	0.698723	0.823422	17170.000000	20852.000000	6510.000000	9317.000000
0.557564	0.424096	0.813620	13751.000000	16901.000000	3330.000000	7852.000000
0.631903	0.531127	0.779878	12914.000000	16559.000000	3643.000000	6859.000000
0.625584	0.483760	0.885054	13259.000000	14981.000000	4081.000000	8436.000000
0.479862	0.339446	0.818406	10609.000000	12963.000000	3887.000000	11451.000000
0.634395	0.502842	0.859171	18882.000000	21977.000000	6369.000000	12666.000000
0.441964	0.296270	0.869595	10156.000000	11679.000000	2971.000000	10028.000000
0.532293	0.396769	0.808429	8824.000000	10915.000000	4126.000000	10399.000000
0.556299	0.542936	0.570335	4918.000000	8623.000000	1176.000000	2166.000000
0.673207	0.545114	0.879991	16374.000000	18607.000000	3057.000000	5608.000000
0.500307	0.349764	0.878371	11627.000000	13237.000000	3257.000000	9312.000000
0.309311	0.190711	0.818036	6123.000000	7485.000000	2595.000000	13607.000000
0.664589	0.553670	0.831085	15528.000000	18684.000000	4534.000000	8189.000000
0.495857	0.360960	0.791744	22115.000000	27932.000000	3789.000000	10497.000000
0.665482	0.544889	0.854625	14932.000000	17472.000000	5256.000000	9646.000000
0.789133	0.869843	0.722129	10772.000000	14917.000000	3268.000000	3757.000000
0.405890	0.271750	0.801548	7351.000000	9171.000000	2527.000000	9299.000000
0.522571	0.373055	0.872100	17633.000000	20219.000000	4267.000000	11438.000000
0.693530	0.587706	0.845832	14956.000000	17682.000000	3853.000000	6556.000000
0.427822	0.275662	0.954913	5676.000000	5944.000000	1571.000000	5699.000000
0.536203	0.386532	0.875026	8353.000000	9546.000000	2405.000000	6222.000000
0.651435	0.553750	0.790965	12169.000000	15385.000000	3204.000000	5786.000000
0.635519	0.520170	0.816605	14685.000000	17983.000000	4049.000000	7784.000000
0.620002	0.505859	0.800667	11050.000000	13801.000000	3065.000000	6059.000000
0.704825	0.720619	0.689708	7633.000000	11067.000000	2422.000000	3361.000000
0.401575	0.294592	0.630571	5829.000000	9244.000000	2266.000000	7692.000000
0.501296	0.368336	0.784469	10799.000000	13766.000000	3869.000000	10504.000000
0.511852	0.357906	0.898191	14451.000000	16089.000000	3316.000000	9265.000000
0.305131	0.191849	0.745076	6620.000000	8885.000000	1803.000000	9398.000000
0.695096	0.588245	0.849383	12040.000000	14175.000000	3693.000000	6278.000000
0.432668	0.285770	0.890343	6463.000000	7259.000000	2956.000000	10344.000000
0.522059	0.386484	0.804148	11903.000000	14802.000000	3294.000000	8523.000000
0.536006	0.414477	0.758364	7344.000000	9684.000000	2256.000000	5443.000000
0.684087	0.675412	0.692987	4941.000000	7130.000000	1802.000000	2668.000000
0.619033	0.475573	0.886433	9866.000000	11130.000000	4838.000000	10173.000000
0.582382	0.446282	0.837918	10417.000000	12432.000000	3805.000000	8526.000000
0.574962	0.458152	0.771718	13174.000000	17071.000000	4538.000000	9905.000000
0.636876	0.510393	0.846701	12847.000000	15173.000000	3634.000000	7120.000000
0.810117	0.735859	0.901045	13795.000000	15310.000000	2836.000000	3854.000000
0.416081	0.292216	0.722211	10792.000000	14943.000000	2947.000000	10085.000000
0.525086	0.469163	0.596145	7887.000000	13230.000000	2092.000000	4459.000000
0.574670	0.422735	0.897093	16049.000000	17890.000000	5091.000000	12043.000000
0.471681	0.312997	0.956727	8291.000000	8666.000000	1929.000000	6163.000000
0.703447	0.600081	0.849834	16678.000000	19625.000000	5942.000000	9902.000000
0.600298	0.574846	0.628108	13618.000000	21681.000000	2235.000000	3888.000000
0.609501	0.494737	0.793590	11538.000000	14539.000000	2585.000000	5225.000000
0.725585	0.655722	0.812110	11333.000000	13955.000000	3495.000000	5330.000000
0.560078	0.424376	0.823362	8092.000000	9828.000000	3743.000000	8820.000000
0.652520	0.563675	0.774614	10228.000000	13204.000000	5369.000000	9525.000000
0.703449	0.693213	0.713991	16631.000000	23293.000000	4239.000000	6115.000000
0.613027	0.492365	0.812025	16666.000000	20524.000000	3934.000000	7990.000000
0.489758	0.337633	0.891383	8814.000000	9888.000000	2670.000000	7908.000000
0.703219	0.615273	0.820499	9238.000000	11259.000000	2965.000000	4819.000000
0.650904	0.502056	0.925207	13533.000000	14627.000000	4152.000000	8270.000000
0.643732	0.511083	0.869374	11880.000000	13665.000000	3182.000000	6226.000000
0.773214	0.724575	0.828852	18156.000000	21905.000000	6227.000000	8594.000000
0.545196	0.385794	0.929064	16018.000000	17241.000000	4128.000000	10700.000000
0.656933	0.514813	0.907444	17432.000000	19210.000000	5891.000000	11443.000000
0.707268	0.620715	0.821870	12356.000000	15034.000000	3422.000000	5513.000000
0.513515	0.390277	0.750502	14947.000000	19916.000000	3733.000000	9565.000000
0.898336	0.932722	0.866396	16439.000000	18974.000000	3050.000000	3270.000000
0.708092	0.638677	0.794436	18933.000000	23832.000000	5195.000000	8134.000000
0.543708	0.400984	0.844183	13902.000000	16468.000000	4321.000000	10776.000000
0.653763	0.540799	0.826382	9748.000000	11796.000000	4129.000000	7635.000000
0.837303	0.856034	0.819375	12053.000000	14710.000000	3419.000000	3994.000000
0.795891	0.731956	0.872065	22658.000000	25982.000000	7403.000000	10114.000000
0.718017	0.650327	0.801436	15297.000000	19087.000000	3675.000000	5651.000000
0.690308	0.582438	0.847218	15011.000000	17718.000000	3469.000000	5956.000000
0.626787	0.507736	0.818764	11118.000000	13579.000000	3905.000000	7691.000000
0.531826	0.438202	0.676327	12088.000000	17873.000000	3315.000000	7565.000000
0.737195	0.619398	0.910319	10445.000000	11474.000000	2861.000000	4619.000000
0.495553	0.351138	0.841744	13478.000000	16012.000000	4273.000000	12169.000000
0.760689	0.666009	0.886748	25408.000000	28653.000000	7091.000000	10647.000000
0.770313	0.776056	0.764654	7801.000000	10202.000000	1452.000000	1871.000000
0.349502	0.216632	0.903907	8353.000000	9241.000000	2532.000000	11688.000000
0.420928	0.284721	0.806975	8052.000000	9978.000000	2948.000000	10354.000000
0.423784	0.294420	0.755932	11915.000000	15762.000000	3556.000000	12078.000000
0.252989	0.146397	0.930467	7574.000000	8140.000000	1749.000000	11947.000000
0.367738	0.239970	0.786489	7323.000000	9311.000000	2273.000000	9472.000000
0.726058	0.645435	0.829697	13690.000000	16500.000000	4793.000000	7426.000000
0.702805	0.594571	0.859213	14287.000000	16628.000000	4797.000000	8068.000000
0.823243	1.000000	0.699587	3216.000000	4597.000000	645.000000	645.000000
0.620115	0.544792	0.719609	15160.000000	21067.000000	5905.000000	10839.000000
0.591599	0.454166	0.848300	16446.000000	19387.000000	4677.000000	10298.000000
0.551005	0.422435	0.792077	7478.000000	9441.000000	2075.000000	4912.000000
0.221586	0.133260	0.657143	1058.000000	1610.000000	486.000000	3647.000000
0.706518	0.613260	0.833228	17152.000000	20585.000000	5439.000000	8869.000000
0.770033	0.844687	0.707503	14455.000000	20431.000000	4253.000000	5035.000000
0.484784	0.364285	0.724405	10380.000000	14329.000000	2809.000000	7711.000000
0.556704	0.430101	0.788930	14510.000000	18392.000000	2772.000000	6445.000000
0.497531	0.425497	0.598925	4347.000000	7258.000000	1542.000000	3624.000000
0.581666	0.470426	0.761808	14597.000000	19161.000000	5106.000000	10854.000000
0.678995	0.637750	0.725943	16182.000000	22291.000000	4139.000000	6490.000000
0.411978	0.272544	0.843530	8135.000000	9644.000000	2968.000000	10890.000000
0.546855	0.395874	0.884002	8863.000000	10026.000000	2034.000000	5138.000000
0.340988	0.223512	0.718767	7859.000000	10934.000000	2561.000000	11458.000000
0.326218	0.204118	0.811855	9368.000000	11539.000000	2726.000000	13355.000000
0.679722	0.569128	0.843663	9692.000000	11488.000000	3252.000000	5714.000000
0.667476	0.555996	0.834871	11851.000000	14195.000000	3788.000000	6813.000000
0.730301	0.684522	0.782642	15249.000000	19484.000000	4166.000000	6086.000000
0.414646	0.283324	0.772876	9198.000000	11901.000000	2032.000000	7172.000000
0.715120	0.652701	0.790740	14261.000000	18035.000000	5437.000000	8330.000000
0.689578	0.579923	0.850370	12861.000000	15124.000000	4662.000000	8039.000000
0.755653	0.657292	0.888631	21480.000000	24172.000000	6661.000000	10134.000000
0.507806	0.361890	0.850886	8451.000000	9932.000000	2864.000000	7914.000000
0.416692	0.271179	0.899196	11070.000000	12311.000000	2420.000000	8924.000000
0.604581	0.472334	0.839678	19080.000000	22723.000000	5395.000000	11422.000000
0.492023	0.335347	0.923473	10933.000000	11839.000000	3330.000000	9930.000000
0.717404	0.653824	0.794681	20707.000000	26057.000000	5668.000000	8669.000000
0.600508	0.482228	0.795668	10654.000000	13390.000000	3853.000000	7990.000000
0.663500	0.560316	0.813267	16563.000000	20366.000000	7455.000000	13305.000000
0.605597	0.460969	0.882472	14882.000000	16864.000000	4169.000000	9044.000000
0.713755	0.602698	0.874984	19933.000000	22781.000000	5003.000000	8301.000000
0.782430	0.714920	0.864019	21953.000000	25408.000000	4988.000000	6977.000000
0.726912	0.631843	0.855659	19355.000000	22620.000000	6937.000000	10979.000000
0.595464	0.502534	0.730563	12131.000000	16605.000000	3967.000000	7894.000000
0.555183	0.422253	0.810260	9745.000000	12027.000000	2721.000000	6444.000000
0.705205	0.625011	0.809007	24682.000000	30509.000000	7047.000000	11275.000000
0.534492	0.379061	0.905986	12441.000000	13732.000000	4189.000000	11051.000000
0.678053	0.568291	0.840365	12429.000000	14790.000000	3778.000000	6648.000000
0.757262	0.785604	0.730894	18955.000000	25934.000000	5621.000000	7155.000000
0.486148	0.340331	0.850589	9382.000000	11030.000000	2221.000000	6526.000000
0.573650	0.421399	0.898152	10353.000000	11527.000000	3332.000000	7907.000000
0.546792	0.414085	0.804675	9949.000000	12364.000000	2593.000000	6262.000000
0.452452	0.300481	0.915443	11530.000000	12595.000000	2247.000000	7478.000000
0.254667	0.153059	0.757588	5791.000000	7644.000000	1541.000000	10068.000000
0.626648	0.495831	0.851232	13538.000000	15904.000000	6839.000000	13793.000000
0.390358	0.263959	0.749046	10011.000000	13365.000000	3139.000000	11892.000000
0.688368	0.599706	0.807793	10490.000000	12986.000000	3266.000000	5446.000000
0.598545	0.468353	0.828984	11246.000000	13566.000000	3463.000000	7394.000000
0.559232	0.417051	0.848504	11941.000000	14073.000000	3703.000000	8879.000000
0.855102	0.890222	0.822649	11870.000000	14429.000000	2449.000000	2751.000000
0.688460	0.582488	0.841564	15967.000000	18973.000000	4251.000000	7298.000000
0.781128	0.687555	0.904184	19015.000000	21030.000000	7834.000000	11394.000000
0.612639	0.475383	0.861327	15205.000000	17653.000000	4432.000000	9323.000000
0.507345	0.530010	0.486538	2277.000000	4680.000000	521.000000	983.000000
0.336470	0.208672	0.868157	6565.000000	7562.000000	1540.000000	7380.000000
0.521839	0.377259	0.846096	15877.000000	18765.000000	4343.000000	11512.000000
0.593657	0.459674	0.837873	15318.000000	18282.000000	5027.000000	10936.000000
0.689925	0.572231	0.868567	32170.000000	37038.000000	5807.000000	10148.000000
0.772022	0.708193	0.848496	20985.000000	24732.000000	5662.000000	7995.000000
0.531161	0.395079	0.810242	15521.000000	19156.000000	3886.000000	9836.000000
0.465668	0.326220	0.813350	9931.000000	12210.000000	3256.000000	9981.000000
0.529495	0.394466	0.805078	6468.000000	8034.000000	2495.000000	6325.000000
0.718554	0.707597	0.729855	14438.000000	19782.000000	4806.000000	6792.000000
0.709649	0.620297	0.829073	13751.000000	16586.000000	3545.000000	5715.000000
0.635969	0.562143	0.732118	9079.000000	12401.000000	2854.000000	5077.000000
0.603653	0.457057	0.888690	15920.000000	17914.000000	4417.000000	9664.000000
0.671845	0.596551	0.768890	19110.000000	24854.000000	5638.000000	9451.000000
0.594848	0.530544	0.676889	2472.000000	3652.000000	799.000000	1506.000000
0.680750	0.641651	0.724923	13572.000000	18722.000000	4181.000000	6516.000000
0.639295	0.510240	0.855735	18240.000000	21315.000000	7524.000000	14746.000000
0.430164	0.317435	0.667050	8120.000000	12173.000000	3827.000000	12056.000000
0.745365	0.643787	0.885004	10859.000000	12270.000000	3067.000000	4764.000000
0.466640	0.321235	0.852535	8273.000000	9704.000000	2779.000000	8651.000000
0.363692	0.227202	0.910920	7608.000000	8352.000000	1911.000000	8411.000000
0.429430	0.286295	0.858780	10715.000000	12477.000000	3378.000000	11799.000000
0.671144	0.560023	0.837280	11562.000000	13809.000000	2981.000000	5323.000000
